0.31299619460263267
0.10916967115167071
0.06840787242930624
0.05692698149798818
0.05048097987281214
0.04588603605020921
0.04343001762375247
0.04229442291027945
0.038419717615912424
0.037111317326072875
0.03670716949618689
0.03726041030236143
0.034118592984998974
0.03241372926387199
0.03352215139592063
0.0319364520149671
0.030451070427455765
0.03147209336870998
0.030065129319781368
0.031503039948674406
0.029248903780006674
0.029229454105087694
0.029156046220855412
0.02774390679559268
0.02914659593346065
0.02798785948258165
0.030054740284766512
0.0278597437942367
0.028011943444167034
0.027730243917962232
0.02680803788152026
0.027420814949891445
0.02636422841415078
0.025475007630591465
0.02785673436968119
0.027275948719279693
0.026323684298048683
0.025546055294215816
0.02846721789815472
0.02499005297119922
0.025918042270207078
0.02592283697228091
0.025447175690753412
0.025651944540185684
0.026315382159972107
0.025349233707109967
0.025835067296684864
0.025380459775584063
0.025365894662718023
0.025152525186678668
0.025112724232417158
0.02504461887239366
0.0249594481939492
0.02495489633606908
0.024428413998818874
0.025928948754097157
0.026041513688599405
0.024668362649409685
0.02588244264046457
0.024494668071619992
0.024095023514319417
0.024223504369067915
0.024077177993001807
0.023698079449652597
0.02453746671799507
0.02499133097464193
0.02398179265982338
0.023240173950518986
0.023922349658032666
0.023088387243674777
0.023282882981390085
0.023084444272151967
0.025220723652478766
0.024643316718376843
0.023003677441992713
0.023496446419364457
0.024809235166432016
0.023239455303339433
0.02329883153977567
0.02296914202857438
0.022730003343954187
0.02289503777419047
0.024896852856047508
0.023121848116068707
0.02323993153994944
0.024143423607057957
0.022661973344690306
0.02248012194682814
0.023498762638231738
0.02338151470172841
0.02347209771911137
0.02288133659056977
0.023024087582151426
0.023406664236309445
0.024513184470527666
0.02338364894550807
0.023546342437462203
0.023141878483735175
0.02245832307538002
0.022513294430304434
0.024424418028444996
0.02337193705981366
0.022629854986909895
0.022043262984992346
0.02231532927459722
0.022024063620925342
0.024000377673490243
0.02279106967007412
0.02255259132980695
0.022914476351735404
0.023293253292541692
0.024005875919665833
0.023530935914962386
0.02221138009767933
0.024044151816779085
0.022931789311642543
0.022053714701633944
0.02284835464590378
0.022357706201370824
0.02296722741921932
0.02387408765449488
0.02335216452451066
0.022534209093366005
0.022245410684137726
0.022342081695481072
0.021999595243238832
0.022724647002588312
0.0234411351257894
0.02407995136192257
0.025638324096250366
0.0226783134524601
0.02283331084127322
0.02207104044659742
0.022351241447589487
0.022774717978344378
0.02127701604436666
0.021851159329567504
0.02266039502317302
0.02271431198617428
0.022160914804342888
0.022622228597956855
0.0224155050010344
0.02169986236883045
0.02257678561020424
0.022404101947958503
0.023934422367741594
0.022632730932772446
0.02364123783207433
0.02222606849315945
0.022556691158843786
0.021440652784269362
0.02259842307415823
0.02199830153215072
0.022138564282090538
0.021360778320021784
0.021928443749087447
0.02334976597947044
0.02123192362780497
0.02235043848391625
0.022220902688239515
0.0217643824386344
0.022531591324118166
0.022457193826306558
0.022241134227729442
0.02319538197545162
0.02233330930310568
0.021868261489019415
0.021950738218913954
0.022330004658987903
0.022314385146159875
0.022425306354244823
0.021682481804692857
0.0214858048593833
0.021940619132204176
0.023374115709640042
0.022422219855712282
0.021717616142934427
0.022653764896860853
0.02207827690670063
0.021928444546350644
0.022633926909370574
0.022561838648462392
0.024065924370030092
0.022952121111471418
0.02247211766741578
0.02262993488535493
0.021966096437951124
0.021699488040756817
0.021551528301985624
0.021386325383460986
0.02131047807908143
0.023705978544230812
0.022319508105039777
0.022028017460006117
0.022663433719014994
0.02272027911673678
0.02223016055526392
0.022091266445439156
0.020622326942091214
0.021868458047970718
0.021569855248271343
0.021166196739852927
0.022277297906995605
0.022421457256916574
0.02267778620708334
0.02213872411420962
0.02192544228250483
0.022004621430160916
0.021420984688080427
0.021190486650693594
0.02193852164244691
0.021691941225621778
0.021787507479854817
0.023100696742916718
0.022198035259023932
0.02333685705557893
0.022169358145249816
0.021531395053793163
0.022666373280427667
0.022345226547910376
0.022251103970634283
0.02175864846121466
0.022108871135581687
0.021971052970267184
0.02187872665084749
0.021118231783529985
0.021533675853084508
0.022640946211246526
0.020820453600576383
0.02124601721718215
0.020761384517824506
0.0223531692049306
0.020915439570387415
0.021912784812398355
0.022340247639736025
0.021642146066046815
0.02143586610400622
0.02076901319831814
0.021929794473242083
0.022273574929989878
0.02169973208297325
0.021469995258865424
0.021497953293490878
0.02239506636935613
0.02185152070353285
0.022712108188037584
0.02183276496985542
0.021798837820257624
0.02172777728551413
0.021038414696224392
0.022581396561080987
0.021533933890201803
0.021100291028036233
0.020916265055563706
0.02181948482277173
0.021878554115479038
0.022195417993385407
0.02128731414172576
0.021800371656285594
0.02266584906190838
0.021461058129027096
0.02149145851844714
0.02056027801083668
0.02159093145501435
0.02143337479554917
0.021241738909004788
0.02102700665765273
0.02117847448049856
0.02118999727721004
0.021328462831587108
0.020958176609975156
0.020720041558660963
0.020989960554621188
0.021180906155465612
0.021131999053932985
0.02489424305233852
0.021727302061797217
0.02142956382877544
0.021636979248233785
0.021899207834439036
0.02167020639625486
0.021084926784129335
0.021143176905218795
0.02125725957159994
0.022350038994055438
0.021642211731026758
0.02038677314433025
0.02306536469806206
0.021336818232614095
0.021331465848718964
0.02215803438794283
0.020830429616136188
0.021261375973875465
0.021749812629670625
0.022106479157796063
0.02194993702189273
0.02186931857347912
0.02115653914085694
0.020828249008617263
0.021418503984027736
0.022298087238013277
0.020814120206782347
0.02127047081665434
0.021830610857151524
0.02161835973472818
0.022880530447301206
0.022514943722905044
0.020723743220934503
0.022051768903730486
0.021387955472232666
0.020993290535725444
0.02094199612413257
0.02123530203626449
0.021996525229044935
0.02116938951413669
0.021190395395267462
0.021145735923829765
0.021371606606862423
0.021272836436521555
0.020785395748767643
0.020697644466024026
0.020912670197240076
0.0212256373853195
0.022775918668063652
0.021726904309743188
0.02132964881213146
0.021221879934955896
0.021291389874593804
0.02173162128858592
0.021946210334728624
0.021661275934392984
0.021649601504936774
0.02130538861163946
0.022689013062156104
0.020965176296150148
0.020587585164708332
0.021127798702585784
0.020947230332437644
0.020958012520820544
0.021955676875227325
0.023185453647437904
0.020912162823861217
0.02097298464411314
0.02099596337855286
0.022312260249179913
0.021122264259904586
0.022279542289895586
0.021608568282051266
0.02298865072934208
0.020903369710681612
0.021708446722472945
0.021079136959510456
0.021773116881565475
0.022344086664405138
0.020572953385791067
0.020234057686865467
0.020938548151385697
0.02142928915505453
0.021468736438445254
0.02085852951963304
0.021507987709525396
0.02090463991078077
0.02122581732941933
0.02124460312006104
0.021137630038755923
0.0215793892066887
0.02149221393430814
0.020570690466285388
0.02073775159204996
0.02140439953158488
0.020825246058160444
0.021051079444785837
0.021466113482730798
0.021119914760264112
0.020909887990330524
0.02078568505600386
0.02162326709349602
0.021908578466445276
0.021625097853319085
0.021669644625031365
0.02043278488290585
0.020879666916089754
0.021275231894649475
0.02071231967687047
0.022705877851860328
0.021957100931045276
0.02059985177156873
0.023179835158273272
0.02121648262485419
0.021704470961964442
0.021298085456403357
0.021307839180940327
0.020798652162612258
0.02208839807215833
0.021340205118733482
0.020885920249952766
0.02082791528871411
0.021817084826485523
0.020375181615587174
0.02135461594414805
0.021280436470393422
0.021749410396203015
0.021340124989526622
0.020929533540427033
0.0208207024363023
0.02057503098794563
0.02110416500319167
0.020570756187773608
0.021232645063514213
0.021394329738769396
0.021849439638059402
0.020726035848660923
0.020870247583880768
0.020665023048645002
0.021164356890945726
0.02133707748926981
0.02162576900943111
0.02376463096262568
0.021101917959437604
0.021833564131869432
0.021290616290967727
0.02023455513843155
0.021092104363555714
0.02195869416318121
0.02201541845539434
0.020787971399726376
0.02144694597798197
0.02101207080321525
0.021495095870047845
0.021845581508864603
0.021699477001309666
0.02145322294081565
0.021160167922824054
0.021618436039341497
0.020696924837633843
0.020775866056606834
0.020056051401434197
0.02064355121895682
0.020856358881687024
0.021344211904412904
0.021657333291516628
0.021377712195466303
0.02121290821827027
0.021950466030138522
0.021518791472720417
0.021023239736596804
0.02098660730251082
0.020815736817739343
0.021230790105854748
0.02062675401385884
0.021398456116528734
0.020053536509875115
0.020919711808299286
0.021649936839699836
0.020633181031224964
0.02164872638137851
0.020440767604056637
0.02057983683893662
0.021509053166667257
0.02056641309628725
0.02098937458579773
0.0207390399287046
0.0215626596959034
0.0212876850454925
0.020546674746362712
0.021233519305165087
0.021049791135084935
0.021533894130128323
0.021296438451560356
0.020399896584509834
0.02068124730050125
0.02146166905819401
0.022378328793728735
0.021183796024588832
0.021063023267867572
0.02136410035071911
0.020571679048293146
0.021598814435040293
0.021325655318427793
0.0208707896221309
0.02022342129787097
0.02077349800948459
0.02070788638422743
0.020384615700002492
0.020510437927892377
0.02105135320349828
0.020706173939018965
0.022609575419169175
0.02116080322218943
0.02063456215683156
0.021137594373286238
0.020802012704053668
0.020954423607451172
0.021822883968586
0.020538324700617856
0.021254965850119212
0.02052370538709505
0.021999741241233727
0.021395165871381457
0.02062475821322507
0.02092734516219277
0.02007021884736327
0.022366236593157212
0.021282739815304322
0.020427139435747487
0.02137125929116287
0.02121463252548776
0.02056781752174519
0.02132789598265769
0.020389190852532352
0.021131926461842407
0.02091799743282489
0.02078041559315539
0.020715763338910773
0.02177141953186884
0.02119297454311903
0.02088539375928066
0.02067078687496508
0.02134542588232495
0.020348049330946666
0.020634822136509474
0.021471117344391954
0.022081026829179545
0.020526713766602128
0.02062561441147636
0.020801499699707956
0.020984756522207854
0.02078118199290101
0.02080100395332045
0.020760500793186625
0.021053658317425554
0.021000429507468853
0.02050492750335599
0.02100449106929099
0.02092537833469929
0.020352958433668637
0.021176528382793873
0.020757405450517952
0.020317415100827105
0.02057039545573281
0.02080504811295824
0.02123920994144719
0.0215184318427092
0.021281244213862842
0.020360497707667978
0.02124833331026532
0.020898180492893787
0.020294520800153475
0.020505373646354096
0.021490442498243528
0.020508285963212244
0.022595081857601135
0.021223583664649572
0.02081830064972045
0.020567979377049666
0.02038604574711621
0.02068516270213319
0.021077569439821843
0.02063521127708069
0.021187841206104296
0.020132293759656757
0.021332081310369698
0.02147176017921856
0.02145428365504539
0.02104585261896771
0.02038799860784474
0.02094709465110414
0.02144413254162054
0.02094352370689335
0.021390688327793908
0.02085026203035007
0.019967116809403513
0.021020377326239393
0.02089433666667635
0.020189034820404957
0.021450848949212023
0.021237006008068934
0.020581163436658615
0.02111611023212363
0.020759594035870414
0.02145288348591367
0.020192744422682228
0.020627964879087034
0.01988222820371745
0.02060005495546508
0.021042893281550266
0.020727087595807655
0.021398417931120992
0.021177825112937067
0.02146703684544103
0.020653346631941714
0.02072585836846375
0.02078487815235617
0.020136129221703748
0.020419932922429242
0.021028025441796654
0.02070136252420903
0.020912193501470777
0.020129253064509453
0.021982993056236806
0.02061368106961568
0.0207829406609327
0.02002195652132638
0.0211406948390566
0.02094619726848711
0.022364308589449478
0.02147790911321593
0.020729406792826536
0.021112975873210066
0.02133603775592421
0.020837712599336724
0.020308887269409378
0.019844158325844623
0.020762613012925202
0.02079763086136751
0.020182597297937716
0.01984818658419568
0.021761443150542084
0.022205158127091142
0.02007413035016067
0.020784340115081058
0.020930995094095975
0.02180343377350717
0.02122075841167488
0.020953037571535556
0.021079799703219028
0.0214056846144032
0.022796712684775858
0.020724625645645624
0.021670293904638555
0.021157102482490323
0.020931610645119628
0.020730746656516294
0.02071291788623747
0.021130218620521522
0.020779472258198258
0.02024201566495775
0.021194159409102676
0.02167023633381881
0.021085464923544926
0.02014978110788361
0.020587475023696525
0.019976401639623248
0.020630365446130464
0.020753323337179993
0.021251422798061966
0.021202698659211375
0.020453278351727402
0.02056526389624616
0.02169345004006929
0.02143756158680185
0.021169020868336587
0.020637566913661694
0.021246188893104666
0.020740197808322158
0.020954469510612528
0.021165640284190265
0.021269147106292404
0.02042453189378812
0.021603955362605908
0.021025423834388345
0.02010164656668077
0.020458426717106053
0.021841589599520567
0.020890631688620178
0.021409448042585707
0.020635807747695162
0.020959029532165115
0.020292793444326367
0.019935660807103274
0.020081384875415605
0.020252649197801776
0.021054773144830632
0.021141292821917627
0.021127244245282707
0.02048043884652827
0.019916204638224955
0.02000318529279621
0.021236481241017437
0.021275344089346962
0.021341089016442737
0.020423457904606035
0.020579572483295717
0.02056036601455442
0.020751758834891405
0.020151254048324622
0.02177369893713178
0.020141572183871456
0.020648648282387713
0.02034481380472452
0.021873335774650306
0.020736338567403888
0.020367805467737404
0.020548302146380825
0.021531144590203336
0.020669166265870297
0.021291829606385274
0.020511923494977404
0.020710757450281243
0.021162174715144845
0.020486438583784083
0.020920653933175447
0.021389671489520708
0.020892591391815152
0.021092965818258765
0.021531080128211273
0.020109484595910762
0.02038398043917623
0.020435946479753723
0.020294776873430887
0.020952478944441938
0.02163100929745913
0.02039073739795704
0.020679969458780968
0.01978413392861775
0.020123303338968532
0.02026955607647701
0.020880176713886405
0.021029930094582806
0.019492151125353827
0.021072151085471072
0.021874137772717704
0.021370229490742552
0.02162372039909531
0.019990638192571884
0.020819796552854646
0.02036397503067104
0.020609776569115657
0.02030591232554127
0.0207267972298097
0.020603648870407883
0.020091951624699567
0.020073832571411925
0.020589297571141245
0.02061706842246032
0.020754648468051203
0.02060612382976786
0.020926704011265472
0.02139003594708824
0.020600760665323323
0.020000720283148494
0.021197966965992125
0.02115080942449215
0.020582504195496194
0.01991390400050966
0.02030525832902995
0.02185089620055811
0.02094266743392819
0.020549494819018133
0.020433029231307288
0.02083358652965388
0.02002857623545689
0.02054064006500436
0.020243527788094802
0.020158592924120068
0.02105015372409641
0.022580914751194583
0.021041144119203468
0.020240864650977387
0.02073485232552967
0.020597567000620466
0.02055796720967071
0.021576133198935872
0.02145699072344544
0.019934944861444856
0.021492872302526597
0.020938005528665038
0.02036194832615817
0.019969973418087063
0.020071324804624223
0.019981067891531288
0.020518964005189214
0.02039236405745667
0.020176520102968765
0.021268183334727492
0.02069009102783543
0.020757835884215595
0.02189546132161854
0.02050077942239963
0.020224558059471334
0.020787456396075335
0.020337584405554887
0.02178745977930473
0.020993661962489273
0.02081538615481113
0.020196201101959313
0.02122577099405242
0.0214971677093041
0.019902347438330577
0.020037152217835846
0.020004672594377916
0.022430877898036904
0.02019909467154702
0.020093461746876238
0.020856180311754954
0.02017562349680854
0.02150707941300889
0.020105130274409598
0.01977842284958052
0.020592378988657758
0.02029291444202007
0.02143916796006718
0.020798133447384223
0.020515672102150623
0.02009481054785803
0.020183432515304866
0.02046475287760445
0.021259344070601295
0.02040342943032144
0.020985117272454248
0.019993291373356824
0.020639597559094763
0.02062138277393257
0.020736410874825167
0.019034949883413848
0.01824398473232387
0.018066624562982133
0.01790751432978689
0.017831477115281148
0.01805129866975195
0.018083129120235457
0.018212149980354805
0.0176968044235141
0.01781754466622508
0.018209419614940648
0.01804850958632913
0.017750251989534557
0.018009487067602952
0.018031660192647268
0.01813865018813221
0.01798033234801623
0.017863679019718658
0.01753557235802618
0.017833481010547988
0.017902996278987164
0.017878810431799723
0.017331271409878696
0.017887541667708864
0.01766693910338433
0.017866325334157093
0.017851890552544023
0.017862793487288847
0.01777469205823033
0.017319452719761503
0.01736491028002886
0.0177924830143064
0.017564784966675906
0.017539187445366526
0.017778576251216788
0.01771457644388
0.01736825673223132
0.017544178469482488
0.017413933929996947
0.01758917907002758
0.017533297633019748
0.017848315339239456
0.01767494152086085
0.018037006601324297
0.0177224113672828
0.01742046536070558
0.017852414611232374
0.01750482783510271
0.017839340916776844
0.018009764216811896
0.01756146217938243
0.01767669516485766
0.017643701371186638
0.01780974371044292
0.01801569098486123
0.017524871255707834
0.017676980297811052
0.01779032964897764
0.017363123369208595
0.017487537853966423
0.017329799657293643
0.017480146298745346
0.017612579377714706
0.017955623265884495
0.017235066271196708
0.01722443553657626
0.01734373735239827
0.01766854050935949
0.017696880450078334
0.017337303074309897
0.017735487105730117
0.01751653888050252
0.01754880296224816
0.017752430073805316
0.017469360794106936
0.017424161213266422
0.01749166002812483
0.017595901170768664
0.01751529207388348
0.017652410059584733
0.017237537262682748
0.017522135616582068
0.017414141607365125
0.017321920372767023
0.017514430643769806
0.017331555812953238
0.017251582699916515
0.017761193438806444
0.01729781277204421
0.017670093985677794
0.017442901458002022
0.017288325209285017
0.01755759321383926
0.01771384320763517
0.017776536915331178
0.017657827677200002
0.017507866767380982
0.017585815059119946
0.01760692968463332
0.01742280402257906
0.017524243185145807
0.017145249121577704
0.01736320811294267
0.017495232344848323
0.01778033308828579
0.01732976171068656
0.017483978500335794
0.017428123605193812
0.01723932417728599
0.01778226235409048
0.017475390471527498
0.017466932889825953
0.01736183629606953
0.017151576853431733
0.017391290602669796
0.01748994290667928
0.017147482199985443
0.017423889064212293
0.01726821336354261
0.017385570431474758
0.01772025836133721
0.01728619828651886
0.01765164610884628
0.017432455700500858
0.017716703013883204
0.017363204436121812
0.01739546464433159
0.017328538259244956
0.017391292308557682
0.01723209963404503
0.017475609373472447
0.017368547187129324
0.017529781305830047
0.017420527316472895
0.017189991081856506
0.017292492360247366
0.017312366025029145
0.017536059147733877
0.017495154915034665
0.017357349238521814
0.01750007867113259
0.01719990808504446
0.017474749343770957
0.017544434889848387
0.017488410889792184
0.01754046487616052
0.017428432753218343
0.017530654749744856
0.01691479509467967
0.016894305584038174
0.01751678012023952
0.017616084043156923
0.017407879352997056
0.01703734401075345
0.017101762724572644
0.017255436542048374
0.017303033335374134
0.017550992145548016
0.017069046221263037
0.01744073982567813
0.017452584424957646
0.017180109040503818
0.01736874573356414
0.017572567941004792
0.017354047026387792
0.017598497738773734
0.017412008929030186
0.017128757821307565
0.017207541780824828
0.017351651862623062
0.01712840534538583
0.016808043002106265
0.01711837979996831
0.017290282932089562
0.017585363965382215
0.017074935172745255
0.017642507429359286
0.017012142165823845
0.01731910075643366
0.01708516042880992
0.01720107718758374
0.017399725496890006
0.017088744552925656
0.017342733313840456
0.017011705376482094
0.016813395503746675
0.017329171895753857
0.01737263791242297
0.017221954792329398
0.017185617835994118
0.01694465691886235
0.01740838894178402
0.01739875765814791
0.01725120802451796
0.017382308382538104
0.01727051188964534
0.01709551834597083
0.017195991532440627
0.017151838482016384
0.017340263505954523
0.017196551193706607
0.01718276383804016
0.017161428834273598
0.017170499220081892
0.017403802411466662
0.017342204826936696
0.017343735952695394
0.016942486839378868
0.016945938884031654
0.017513402706703943
0.017292988393668537
0.017329311499092656
0.01719692481176204
0.01722677357922308
0.017337928047792866
0.017112776350043667
0.016965329177265287
0.016973982184678958
0.016909015738277848
0.01720412338720448
0.01754302289937468
0.01736326194452238
0.017413718951239474
0.0175189176972981
0.017200562249425552
0.01697090700482484
0.016955983891939416
0.01690996566838905
0.017338959178876668
0.01700909856085503
0.017130951469943333
0.017166909197353416
0.01709763186232606
0.017165789233133343
0.016790292990885962
0.016799591749804398
0.01702980587448557
0.017146661970551605
0.017043034672097796
0.017097073477816086
0.017450091795767435
0.017026706036217143
0.01691013125371255
0.01694791642492663
0.01682338038330326
0.016892598544236335
0.01741892452190736
0.01686374246355361
0.01713729802189018
0.01754900733376403
0.01732486648015502
0.01721391249348758
0.01683540451670206
0.017457329686783117
0.017110493849593164
0.017250738022260237
0.017128154148843482
0.01721327921588898
0.0170246652670547
0.016960452195832906
0.017072965549865437
0.017125011819662344
0.01698760627895427
0.01725281269875206
0.01699619741619057
0.016940633891900803
0.017045903818998186
0.016860068809287396
0.017166012233701507
0.016981005186546525
0.017211730830044153
0.017082006153448428
0.016987348790605622
0.017100929097476028
0.0168527484287213
0.017261208668464662
0.01693514166468403
0.01705982327871696
0.01697940204914836
0.017037266955454888
0.01725678118340639
0.017180162359253195
0.017278706927990196
0.016751354324765454
0.016938212860586544
0.01685821286970799
0.017521609406796285
0.017432891751688488
0.017260054370857005
0.017163686767810642
0.016949455941573075
0.01707784078899874
0.01747383188203783
0.017317812097989216
0.017745965374877198
0.01715243716094587
0.016741902417309183
0.017016627748009064
0.016983541853179268
0.016966588315219407
0.016882605495569244
0.01725979939748125
0.017260459260449976
0.017257652292985638
0.016856355941115553
0.016913114789439264
0.016931634732527037
0.017563658007251546
0.017093444799880942
0.017402390325945566
0.01681682677226915
0.017240721919635552
0.017265513071170403
0.0168271442767924
0.016903834967413177
0.017043593983674495
0.017331231454508836
0.017286059950478612
0.017225442675050367
0.01703696599498289
0.017084690804140962
0.01698972408781048
0.016918107211603053
0.016932950983087357
0.017016303219803398
0.0174174073035681
0.017168530110032405
0.016985408760802068
0.0169071256922897
0.016846028628032517
0.016798875207380767
0.017050879968906696
0.01666042972549959
0.017187001455767213
0.016870702185137726
0.017108672588125467
0.01718517151141294
0.01661708931514048
0.01701151548787161
0.016799097937465802
0.01691903399720156
0.017016736842080948
0.016559753345675988
0.017210870967503126
0.01718684533617087
0.016727963164562227
0.017007444364802053
0.01713883192553893
0.017116029636414714
0.016897313364888544
0.01690069956723416
0.01710443823274644
0.0171692102701115
0.017060594115426136
0.017174278289944077
0.017002141632765765
0.01682881153335
0.017167866707848742
0.016757043306466345
0.016783969224777946
0.016987342267328183
0.017032465086524017
0.017012296673870383
0.017028892618008423
0.01715117313514418
0.01687021387679969
0.01688160868132249
0.016739817768643656
0.016918755403130408
0.017072152359849473
0.016867762018211694
0.016892317921305314
0.01662416193529294
0.016907940722489363
0.017100305700077416
0.016766839504892616
0.016972570208391432
0.01648919921444966
0.017236915734076628
0.016842304765099982
0.0165391857431992
0.01699369915887074
0.016461348936139524
0.017011133311767963
0.0172118810786908
0.01688380931144924
0.017125502459498704
0.017026306382269537
0.01658278292479567
0.017123878064113057
0.01708961631672414
0.01668859271020053
0.016732696293895545
0.017091747883572043
0.017213734161410425
0.01687220281912579
0.017406630380621534
0.017029849376399887
0.017087319911455
0.017039665564096466
0.016972465887968385
0.01678033974059503
0.016848716002707632
0.016848066298224412
0.016904325141233596
0.01656660172042318
0.017248681133343925
0.016768814250164812
0.01700132544899341
0.016654915964137738
0.01706805354488792
0.016986144200396753
0.01727202122377983
0.017093459418264324
0.016915947161983736
0.016712712930710704
0.016666473609667935
0.0166805400294409
0.01673061770674737
0.016531158239358676
0.016667693959301757
0.016545512340159003
0.01704977362365378
0.01683280093765147
0.016875432798552404
0.016979535046220583
0.016911674476734393
0.017000765780397904
0.01679056228639042
0.0172403942785096
0.01701440234432353
0.01675484603420789
0.016902952668013293
0.017062239397594273
0.016945620261531822
0.01678192938173648
0.01688234593532932
0.016937002131545656
0.016879570422877088
0.017275421631691056
0.016697885926579288
0.017024441057351312
0.017133349996068643
0.016946519441064706
0.01648513633354942
0.016945036046829252
0.016927037371535777
0.01653748702831939
0.016934495411697878
0.017184895924575047
0.01681390032172203
0.016707467064677566
0.017413380189095846
0.017061384315322305
0.01733772336961912
0.01702148007008139
0.01684810924971503
0.016698839744412528
0.016877520018462665
0.01687552158794796
0.016743517625726064
0.01656404375277155
0.016910352345766922
0.016883339605682633
0.017148924078371475
0.01705680907341952
0.0167541313674334
0.017471152113991268
0.016623325199059014
0.016822415023595737
0.016558185605155873
0.0169651252218773
0.016965972193438532
0.01738706088569805
0.016837693473991402
0.01684838058873841
0.01659456047925301
0.01703604475830784
0.01687391840751839
0.016962843033049835
0.01687465381164763
0.01644153374489127
0.017109818605733997
0.016834174923827636
0.01683916032690707
0.017059854762574295
0.01685125707722226
0.016809302755740503
0.01680452260466571
0.01681686367950227
0.016770762088040646
0.016819750265471067
0.017391083002852723
0.016833394397959004
0.016793059795625804
0.016727757984197785
0.016877022997447078
0.016705037236750868
0.016907626355370006
0.016953831168298766
0.01682734937629563
0.016891779497693292
0.017518617018421733
0.01714872329950514
0.01670264869698544
0.016840410821459473
0.016622307309590037
0.016939389281774967
0.016950268687561672
0.01680530807110721
0.016979045839661054
0.01714802347832932
0.016901566402281593
0.016613034371170305
0.016953974417721705
0.01664580303563718
0.016591821337559935
0.016566089521143062
0.016946775149284478
0.01690540925154425
0.016396439396881474
0.01676789223656009
0.016441226232060173
0.016805489252005305
0.016638548206088732
0.016636128954194047
0.0168345250699061
0.016200532223844884
0.016641824793493302
0.017213039845417343
0.017012800831715597
0.016577933413478043
0.01640034105518077
0.01655891009656782
0.016772228394552034
0.016782691089403785
0.016911556545619464
0.016709703348215747
0.01693836010294567
0.01678506825587401
0.016446207151598103
0.01699593375519951
0.01690540215940108
0.01706459281072834
0.01697467848531832
0.017174031537694808
0.016629162613812226
0.016866080085580257
0.016911237589508014
0.017166152852297768
0.01702520687593652
0.016714793681014566
0.01686539790444369
0.016741976201038702
0.016701063538676186
0.01681282464745846
0.016939943320112925
0.016851597289902574
0.017013536889591202
0.016681674097086093
0.016692702202388828
0.01667032467343687
0.017013480953492015
0.016853763117315686
0.0164725198205934
0.0168533307552436
0.016928673293900222
0.017040812098554743
0.016685222613895476
0.01673128602940681
0.016588577012360987
0.01682726821882731
0.016955354458322136
0.017124743592140636
0.016873600383675257
0.016510694312543154
0.016766711656930076
0.017147345634853064
0.016895025730223848
0.016777119528115416
0.01723998187402536
0.016679398778624555
0.017071389992524902
0.01682562210984144
0.01695740897554595
0.01664459863481379
0.01665023366766257
0.016664995381329137
0.01662209643111083
0.01689126069049154
0.01669357145026867
0.01686630606666438
0.016934123464064886
0.016641703870040596
0.01670550730426501
0.01672052331793676
0.016526100830787115
0.016614987720849097
0.016894503008346322
0.016881144459695796
0.017076780194405766
0.016929340028889926
0.016573461287118934
0.01692612232854597
0.016567410832622323
0.016412113153161236
0.016905557737321865
0.016660968837614108
0.016966747094487655
0.016884601445867193
0.016681898857686055
0.016866274108988707
0.01659904188762827
0.01662739512363298
0.016845361935601346
0.01665687443171662
0.016602112798625047
0.01709616069752164
0.016628356638649873
0.016896968308337815
0.016876073762695024
0.016795484417934547
0.016685923564291053
0.016886555932095267
0.01648476352954416
0.01675573165293695
0.017267905099553393
0.01706323790827146
0.016304069781483476
0.016634167874230516
0.01659520030235406
0.016400342204734044
0.01660329456303735
0.0167377334500432
0.01688640206431822
0.016590428602221836
0.016619392456243293
0.016641365079524614
0.01655414193115824
0.016926781247188126
0.016444589360114673
0.016946570111254684
0.01687470879230774
0.01708278714367795
0.01699015257185442
0.016256125530832822
0.016477729527004995
0.01641740178721043
0.016808170320215067
0.016473349218317536
0.01721206958438538
0.01689880833835522
0.016813802644686064
0.016310138461908492
0.01659134210222837
0.016583726637105133
0.01673423388807846
0.01674118800044786
0.01666064764457885
0.01692403625535175
0.01664781725111196
0.016704746456043647
0.016849454550257444
0.01676805306856827
0.01666601540250777
0.016444983009526074
0.01647804305146539
0.01650727865070778
0.01680976300996613
0.01673110144642683
0.016350693543453178
0.01658871073032748
0.016651377024653448
0.016673448529377237
0.016991440917020765
0.01667009292992731
0.01663758140080969
0.017010043207087867
0.016503795917569366
0.017039117760583665
0.016592415617592112
0.016907968290488743
0.01653494166154022
0.01711969147997857
0.016876608683030432
0.01690956452536565
0.016612184051198232
0.016509547743092306
0.016642500537888114
0.01661502794575634
0.01674255944398809
0.01708891043994187
0.016700888626886505
0.01642138889476971
0.01641118207979048
0.016633010583339335
0.01675587596608679
0.016818671515171267
0.016812315886907844
0.01606398449010067
0.01721386513293289
0.016906892537491884
0.01675654179859915
0.01663992062800236
0.01652686024667739
0.016897863569648383
0.01626019890926822
0.01634295981667707
0.016425999375374662
0.016610763921404995
0.01639484016564737
0.016928499320526206
0.016510278699381924
0.016881268092944903
0.01685802816992848
0.016784091079789662
0.01654359158558814
0.01652906185943339
0.016811098368598683
0.016641218107412176
0.016560184621559722
0.01656408841937107
0.016457860378629365
0.016658131231552197
0.01688211026295781
0.016636669110174817
0.016539307976036123
0.016592955238517542
0.016463715379750797
0.01655416662622017
0.016587620256806757
0.01655093030486276
0.01685973145323043
0.016782597087060747
0.016510773193366367
0.016653709130148412
0.016566957859452468
0.016436714774523027
0.016781584468702582
0.016298708985894198
0.01689966477729866
0.016428705592604044
0.016868046805731656
0.01639112387316864
0.017146023283999837
0.016747234046826147
0.016866728619467367
0.016231316784654483
0.016417602752388568
0.01663978975649245
0.016866147291651985
0.016580283328300655
0.01666084690079543
0.0166660290382619
0.016665216386847825
0.016392813558309825
0.01667043396422375
0.016675915562446787
0.016534304052901527
0.01686767057363652
0.01644583205463363
0.016552005931602633
0.016561327805242797
0.01631693627026124
0.016337441857861637
0.016526825279404092
0.016831906242605832
0.016580225560293038
0.01631906256883557
0.0168066074204917
0.01656577648752442
0.016743315345962115
0.016349030332320623
0.01684004809318702
0.016534304723434867
0.016855839833307008
0.01626721154364059
0.016583206267059454
0.01682543229878206
0.016461753865926663
0.01660041612088037
0.016504817309605648
0.016549849524284475
0.016734999944755014
0.016545724809381615
0.016703582986599148
0.016842604085413385
0.016572927520356225
0.016678098810013402
0.016501171148861384
0.016432906938165872
0.016415883591207082
0.01655410353745012
0.016544463202086808
0.016679204176183612
0.0166833993599791
0.017140367962788828
0.016859299475603766
0.016611993246160656
0.01623924086298335
0.01676941660851596
0.016340042018279807
0.016884431848692604
0.016568906472366484
0.016487500004945112
0.016365835595876923
0.016595438221106828
0.016477403967464204
0.016376024058197894
0.01660408823452767
0.016567315148507906
0.016667774225405236
0.01678159869271022
0.016657863600795707
0.016477269750617123
0.016545802512279197
0.01645961296741098
0.017000820561978654
0.01654563011617172
0.016877897677214412
0.016705919226419202
0.016392803408808894
0.016663364290776864
0.01683867274111836
0.016699049172591487
0.016810874549960934
0.016484846405195052
0.016784455677800354
0.016900757448258332
0.016335558455969876
0.016586084074384975
0.016413561998379202
0.016897958752281412
0.01659333551556485
0.01657256309092461
0.016770353209767344
0.016594584356008916
0.016905076497719808
0.01692150408904749
0.01702526054555736
0.016782237672679435
0.01643352673322106
0.016819845963535227
0.01683749053291513
0.01641192828811276
0.016863059998457053
0.016488631963342104
0.016643378096976674
0.01708270296100721
0.016360922964106784
0.016625593541467604
0.01682860486674699
0.016839892209790538
0.016422499516918806
0.016452019327249465
0.01642522990053856
0.01635308824049266
0.016389525920345597
0.016575072916836023
0.016841507847575737
0.016497007083156275
0.01660060140678546
0.01688600866836653
0.01682387775519031
0.016476045718960847
0.016715771913732722
0.016379619496263324
0.016634351655218572
0.01622866773204729
0.016436671290577864
0.01653209051784524
0.01651460282016554
0.016547953897690405
0.016827066343605868
0.016579847812641237
0.016536797300609092
0.016804658856047126
0.016809028883538638
0.016736897784392826
0.01612259960594093
0.016722214455742557
0.016426604199519947
0.016952877600378693
0.01662672810846626
0.01634163352561295
0.01644912111334357
0.01666605161556392
0.01667569952587332
0.016588696748667045
0.01686047618831814
0.016570999786422305
0.01607344682912637
0.016653890328542795
0.016510615297896998
0.016867278131705292
0.01662631943069094
0.016679900420551133
0.016760488882694914
0.016521958322161405
0.01637660083745179
0.01681583584457689
0.016215258929807543
0.016482769808367624
0.01670523746542994
0.01673599235868584
0.016884357815286355
0.016585439298889244
0.016646896859460237
0.016722524759231274
0.016564335935073143
0.016545530473877253
0.016913274469529806
0.01663159089048038
0.016504688960634593
0.016783681189569008
0.016554168348658596
0.016231260416349744
0.016534929432582057
0.016384643890052526
0.016589496011875794
0.016419464532653822
0.016340054541364724
0.016361517879206856
0.016619787512450662
0.01688053217480315
0.016421544476473475
0.016422659842007564
0.01646138634201679
0.016557853817883012
0.016874442847342047
0.016898345258952275
0.016569161195119766
0.01655459354056353
0.016921718167219105
0.016657902482271905
0.016038844308703115
0.016635524330073866
0.016721961720709225
0.016224764403561992
0.01635651073297266
0.016886822758259038
0.01647449396862751
0.01620704485668571
0.016594047961020323
0.01645719790445817
0.016381420519966165
0.016589495273958112
0.016612093646469893
0.016289314411639198
0.01651598280851355
0.016412064578506164
0.016952514857683624
0.01645071518199112
0.016450067401626488
0.01660525209078195
0.016418951183583993
0.01660726111931724
0.016913013932335103
0.016400577803573867
0.01665898252398676
0.016194529499925767
0.016676478211321816
0.01691332493307446
0.016786631857340303
0.016663057034715583
0.01645235499396909
0.01631940049635907
0.016518262341452088
0.01633910686401856
0.01650546461993492
0.017047086321801047
0.016334987688818144
0.016259825984680447
0.016541042223271983
0.016378614597077387
0.016512847561072384
0.016807448786148326
0.01652614663109868
0.01634429720464236
0.016758098069121614
0.01614066478840044
0.01668785896088893
0.01623834490300352
0.016505529540376967
0.01626375015313385
0.01640861422319072
0.016503133748400994
0.01611740771689582
0.01666562335684377
0.01661346619747774
0.016715963476312195
0.016560367898702032
0.016654950787894206
0.016246191119786053
0.016457952361806423
0.0165524547522418
0.016753219212749398
0.01699829225124109
0.01652388912385628
0.016562743433052498
0.016580834527511558
0.016177733334911053
0.016551517093883732
0.016575143974927906
0.01658434773161421
0.016617028529259965
0.016384568913738327
0.016585944119701837
0.01658224109650097
0.016600785460384567
0.016414004211806048
0.016765754404623183
0.016642421642878723
0.016440603664316527
0.016516929738721015
0.016631970802706477
0.01614202481183108
0.016844221922529018
0.0167869635464921
0.01645398587953109
0.016508687920272578
0.016630732051235646
0.01642882418976002
0.016531420613426974
0.016598102875199527
0.016370575840760605
0.0162916579225847
0.016979157604517355
0.016578586858383485
0.01669129766438721
0.01660121758460174
0.016411474154277118
0.016768090713009765
0.016650199561963137
0.016848231382302962
0.01671587318554615
0.016411497161420326
0.01624620387457854
0.01650861682340514
0.016537220984996197
0.016424440664593174
0.016391491559037373
0.017000657160380794
0.016811220713033533
0.016895158085844394
0.016447110686051147
0.016769794712950127
0.01663269743268473
0.01645124296384184
0.016781769058302774
0.016391810638095694
0.01662419377545977
0.016556353534766415
0.016532029560784846
0.016517064977445768
0.016278179125507098
0.01668872293411142
0.01660204333576886
0.016375031002578956
0.016519368283817552
0.01637927463075312
0.016236577801525546
0.016637610525978522
0.01640745363897836
0.01645929915544405
0.01689448221802984
0.01624024796882925
0.01665283110788114
0.016509602203829
0.016876003211522564
0.01678675949936683
0.016226093358790307
0.016197166763109873
0.016654290597461208
0.016552139705131655
0.016607227591468116
0.01658892750931092
0.016168311379441348
0.016338908978186756
0.016295719559120705
0.016413217460569708
0.01650765712492832
0.0165890509437171
0.016703947038914868
0.01681973469164861
0.016871147104814424
0.016627369326068592
0.01632539902613471
0.016529291773398885
0.01648244109192939
0.015966070992538745
0.016503810004443953
0.016320086854142823
0.016537350921873424
0.01656919792833577
0.01656975594164076
0.016208078581002816
0.01651248351537688
0.016220752711356534
0.016187781638740798
0.016276262865117373
0.01662789931363353
0.016333845706467898
0.016631066627511067
0.01652987464443398
0.01683428268723604
0.01631474112332866
0.01649287032560706
0.016416858436265978
0.016780728160981282
0.0169191915550399
0.01663596269928295
0.016358916648678
0.016247706061716643
0.01650177074989243
0.01659861994672242
0.017099914548379058
0.01629459733480607
0.01627809951835158
0.01658429114673382
0.01660812768246293
0.016459598248305736
0.016368410884142377
0.01667622376827267
0.016372715106210783
0.016475559106107502
0.016598182630364167
0.0162931714693047
0.016491568514684276
0.016337020929612447
0.016491043991162167
0.016577802299384495
0.016338029751985863
0.016471373924040255
0.016873363991355222
0.016254828921272144
0.016376163433612104
0.016561585506384112
0.016564131767128922
0.01689604954998803
0.016873005357686564
0.016364324559873966
0.016505230068744332
0.016843990266973762
0.016168327309573308
0.016406968898936922
0.01659806580317031
0.01622241658025487
0.01638919782738988
0.01659335120500466
0.01613393805138001
0.01665497173993312
0.01619459252509445
0.016573131468414687
0.01662115930402512
0.01628848076610055
0.016623556824823298
0.01660567281475018
0.016340138382621452
0.016443249852025107
0.016788654028896483
0.016693486984820118
0.016684149120283872
0.01656304646139635
0.016267292267248303
0.016587254292194268
0.016485197032657817
0.01671998751782189
0.016431467541888088
0.016466022691117018
0.016182174731881053
0.01650397370607947
0.01631677518810346
0.016306829421967078
0.016344012782889352
0.01703985736594947
0.016520622014473556
0.016165190946862126
0.016544829212567943
0.01605205055431201
0.016674683597643427
0.016592566894263777
0.016535916583440908
0.016130260177671638
0.016294085742930797
0.016701657614900275
0.016347683504163296
0.016182315154471626
0.01673506887823033
0.016730757279822324
0.0164424318030068
0.01645140918588829
0.016886296201148336
0.01660471900069992
0.0164924873189027
0.016927138261741023
0.016250304372730097
0.01662384505769298
0.0164386344556731
0.016450083491589385
0.01615302678548494
0.016322019050102544
0.016424779711169665
0.016218864863753076
0.01667264952128325
0.016837071373209445
0.016588826416479765
0.016335045738894265
0.01647143539984189
0.01649352481934391
0.01620138301077864
0.016415757575625845
0.01642712523584311
0.016061271778439076
0.016436831362679784
0.01637529233845547
0.016622743505240244
0.016550214150194652
0.01632109241156741
0.016446652961930337
0.016253700958885012
0.016278416653430668
0.01652675791775728
0.016404259646811227
0.016790837383332303
0.016583344755601113
0.0161756243931253
0.01654938176060561
0.01651452462949988
0.016627068582881554
0.016467107385188893
0.016377840487853422
0.01679566316306591
0.01677704452342886
0.01636648585031097
0.016181044208179514
0.01656428321616265
0.016497805799724305
0.01643772491668385
0.016547334185860792
0.016480671163855484
0.016492408548731675
0.01622765473822828
0.016576266914935214
0.016636567495765194
0.01624559724169558
0.01630617412269176
0.016086730188197156
0.016527378748639885
0.01643297942456943
0.01613666714973205
0.016296383053987392
0.01650282194235961
0.016427442619653183
0.016425316614732732
0.01636928968050208
0.01642975246041491
0.016550221657283523
0.01655664792538302
0.016077830861212637
0.016217387656582646
0.016330279996720296
0.016449435062916427
0.016367964048149487
0.016232375319414436
0.0167703990093696
0.016421877184902147
0.01654017410744913
0.016779622877800212
0.016230154672827204
0.016510855977279974
0.016779340964872755
0.016308770810333596
0.016627643327364675
0.016695271278527008
0.016457827609031448
0.016623880488144987
0.016201976051648186
0.01651486911151041
0.016457735224858428
0.016295931524024695
0.016279311577819512
0.016405988607567923
0.016136976660449862
0.016506357751663762
0.017066678593578785
0.016434003597569437
0.016819419162917723
0.016621127343985083
0.016567941786029536
0.01626277774644249
0.016579691004069527
0.016408639344547296
0.015824936176634857
0.015991686221744603
0.015934035329062582
0.016113416196253054
0.015924834608218336
0.016104801809053472
0.01591875969202242
0.016018154458257487
0.015912212644696357
0.01592020029223383
0.01593014226474982
0.015745299425913344
0.015667578099779245
0.01577212314889134
0.015944464864196525
0.015675148963322946
0.0158621980878424
0.015793243861693618
0.016012708494767422
0.016108939742400397
0.015533036962823007
0.01589021497477233
0.016281341813981352
0.016042228306280264
0.01589299935263996
0.016175983302478682
0.016145933601758405
0.01597333038388911
0.015996754156932986
0.016119056877328543
0.016131424674431846
0.01595811881872112
0.01601382585275019
0.01598897304453994
0.01601875621085884
0.01604147720561812
0.0160191591292824
0.01603412347854954
0.015747439668081866
0.015606044934682812
0.016313562562628184
0.015897432769412058
0.016059679971541146
0.01584477411731075
0.01577186436203454
0.015994100916329662
0.015882970949653352
0.01598990516461419
0.016202528377478046
0.016088355037304058
0.015661866872969332
0.016009857568830273
0.01609337731002324
0.015877803997071633
0.01588413678156933
0.01620758917134451
0.01606700180500829
0.016028613073164496
0.015991354099677946
0.015993753281677545
0.016039743853057207
0.016185633886882603
0.01568216051907293
0.016067694951114573
0.016247637525927176
0.016200555294589452
0.015948288769710182
0.015858847318786024
0.016184505407882164
0.01589367776592769
0.015700850785194724
0.01590112351589463
0.0158538155817583
0.016461806673027896
0.015905946428838132
0.016011522663887244
0.01578381988303852
0.015973168214597235
0.01587421459191476
0.016063371995489028
0.01589391475761374
0.016159802139246105
0.01594037911352257
0.015863960139750374
0.016273520768443454
0.01581375304052493
0.016478520184641837
0.015822772506702956
0.015923311028324064
0.016051343174267766
0.015678167946761516
0.016452640912600295
0.01569617997999647
0.016281110735567095
0.015592284676743949
0.015498455796143932
0.01609528923937287
0.016595986429635008
0.01585847452258316
0.015900941096543206
0.01596211683166817
0.015658462480870064
0.016025599168850463
0.015766687642505824
0.015986667563899968
0.01617396846044772
0.01599040326306998
0.016046372791513417
0.01602646920760972
0.015779862394090623
0.015983098790647264
0.016119517601589528
0.016246709870952402
0.016258314377210956
0.01608174935779571
0.01593381827699522
0.01591828025572
0.01616680038103176
0.015904281427173497
0.015733539925495223
0.01584312424615052
0.01581356018298386
0.016092684967327492
0.015875481579081075
0.01619489694699384
0.01599003872842421
0.015713832560783868
0.016125526822068782
0.01591338762835209
0.01577740184363147
0.015934779644712304
0.01601873599484612
0.01585710988036946
0.016019766010187036
0.01609550962873857
0.0160690310736728
0.01567071523232701
0.016096538419339463
0.015666404522446605
0.01607059327472691
0.015774718447706365
0.015701558848776304
0.016156306581566495
0.01567344434084581
0.016403784013350214
0.016026615623623987
0.016017300625078477
0.015781458366759676
0.01612446906754861
0.01609764124618384
0.015725966624766174
0.016048164130785525
0.01567969279584583
0.016222584729257136
0.01603326142613553
0.01590981792070314
0.01592783029085982
0.015899981806864742
0.0158182445298346
0.01568025038829421
0.0162878541961997
0.01601033804994469
0.015946253126959537
0.01593386783096944
0.015719909872079475
0.016239048429845433
0.015840107216857947
0.0158245656915968
0.01615366447498484
0.016137171273294
0.016018086741719794
0.01594801965886247
0.016022875432637203
0.016005487523842475
0.01592029180892207
0.016126953592411862
0.01595504573936706
0.01621805198441441
0.01586990624899813
0.016312523489885596
0.01594306539869923
0.0164394831291028
0.01619911628464858
0.01578618365326458
0.016253810841471948
0.016271620237214835
0.01590301267430092
0.016013871585204537
0.015942394625614004
0.016063387876205804
0.015912317156632803
0.015954085734705237
0.015997314662985856
0.015966285331499595
0.01569973478010045
0.015943101622158576
0.015793466631263516
0.015991618833144053
0.016013131628967264
0.015993527703480875
0.016180452558974018
0.01562804502973394
0.01597004692020771
0.01576597767064689
0.01586960262223401
0.016183542498127552
0.015933522414089792
0.016191771758971372
0.015907819345016547
0.01599409777030829
0.015762097027987868
0.01622902877736618
0.015830478815853172
0.015677413807420083
0.015766267906604882
0.01596370536628775
0.016042927137260875
0.01588271922278439
0.016102919850132433
0.015896018385493715
0.01589614218306605
0.016204833964514352
0.0159773751871065
0.016056023438336522
0.015682596483015565
0.01587869542858706
0.015740016208146846
0.015610873697769615
0.015846750837771775
0.016110654473238548
0.015908923210525578
0.01564716634310557
0.01577072433784971
0.015874618933921267
0.015622696015292481
0.016127115384587845
0.016017022793987253
0.01581239268915715
0.01576014068266119
0.015823045669359492
0.015851373057202446
0.015981147407645592
0.01590548097916131
0.016005082605640715
0.01579429610441083
0.015998642187065266
0.015760080016890315
0.01603194137675322
0.01619150605800794
0.016038498639309503
0.015814135165794774
0.01580209812841218
0.016227976074543935
0.015871477768243145
0.015981927530626775
0.015820631955512195
0.015729824925613724
0.01615422903852101
0.015935762160001112
0.015991828957155032
0.015789826881962322
0.015800933330905
0.015956998658258923
0.015970913730429328
0.015845532773294767
0.015820082144891664
0.01584868194423304
0.01595688320736075
0.01581346776547333
0.016121041025908715
0.01601699791947017
0.016145488538091998
0.016169166382743596
0.016118250222175397
0.015766733789196564
0.015573519020544435
0.015948931633145577
0.016246952102303234
0.01581923430395417
0.01591704624337831
0.015858052695639606
0.015957415282185323
0.01604702647190941
0.015821369873668584
0.015747804123285036
0.016095691383703994
0.015681194148127364
0.015731062966357047
0.015763530477419907
0.015845630895776716
0.01551477642156284
0.015921474250724366
0.016150830195581636
0.015852528432486745
0.015855941143597133
0.01589338380089642
0.015656029484460546
0.015981386679286853
0.015931492927431016
0.01589105989903166
0.015791234962961854
0.015828867881495234
0.015736596751745338
0.01595918543250935
0.015936000715713265
0.015717170617133416
0.016175978045790487
0.015816034510349616
0.01585878201886372
0.015947435976850877
0.015891127332318674
0.015937125034144184
0.015969575696992946
0.015579331833628054
0.01555637299104689
0.015566531099203154
0.015752908721467843
0.015770698459660545
0.015758273501245163
0.015740502624285193
0.015557690194209054
0.015949334654418928
0.01570541837081733
0.015843416218260242
0.015985635649502717
0.015906528240402177
0.015778982461418074
0.015966165685512203
0.015854679262272655
0.015780999923163213
0.015947243414382306
0.01589679204005068
0.015740102142337675
0.015778067924638376
0.01584173160160396
0.015535896243709588
0.015791164152891647
0.01588733276973168
0.015869320399338565
0.015896134008044637
0.015696535822534642
0.01555381544354256
0.016033227941317816
0.01589668022861643
0.01576607178884371
0.016028454906502693
0.016239458883257347
0.01579032540151116
0.01589483614182504
0.015808679590459916
0.01573248194257759
0.015879316124937412
0.0157422817369635
0.01613062124072325
0.015608168049878838
0.016013455204098213
0.015801721357005853
0.015997172618678723
0.015934818154037772
0.015945752373797
0.016073115939365695
0.015735423529540018
0.015869750884342886
0.01565836483244289
0.015968485681212896
0.015900269496403815
0.01565466328767819
0.015950188363468884
0.015863383755345094
0.01570286967028637
0.01569365736737367
0.015733871828385433
0.015646877827458074
0.015883961013880257
0.01573994342288781
0.016019351529319235
0.015780534003214594
0.015963596991927953
0.01604655962583982
0.015497821523384959
0.015852232442615025
0.01597868457699479
0.01592986449016687
0.015884700692068442
0.015896979266152023
0.015845599016125023
0.01564031269511964
0.015750747914070194
0.016111795896653385
0.01551214529933868
0.016126942636190286
0.016156264956010632
0.01589042892976063
0.015843758289566287
0.015818458090210725
0.01588258502698014
0.015938951248243002
0.016020234544175352
0.015697898597138035
0.015494351733715198
0.01580499400680033
0.015864542703654717
0.016015906928626828
0.015694521469690376
0.015808890430400006
0.015671830900026686
0.016185045649452875
0.015760514034489352
0.015915999358307592
0.01619065271070552
0.015983887693690343
0.015893821808121537
0.015857411829381614
0.0159078609854679
0.015782553644902393
0.01583025686056988
0.01589225795508702
0.01575670783568999
0.016052780818079714
0.015859297765397608
0.01592427987286617
0.015986672847305466
0.015918844241878727
0.01560140114185864
0.01592004405039992
0.015772475872598314
0.015847462589996027
0.01617763349117286
0.01586799266246649
0.016006113150598935
0.01584414165210727
0.01596829127950637
0.01584373646365882
0.015989134350602896
0.015947482833086946
0.015791832249281552
0.01589559779227476
0.01597090070680877
0.015766280488798873
0.015844485922507312
0.015961676752551782
0.015888039017955373
0.015879648479184515
0.01601922916005857
0.016273151501052328
0.015611423416179989
0.015840950023593803
0.015884814876140935
0.0160362390495362
0.0160424871070868
0.015548947519511854
0.015938854574169808
0.015517015559596439
0.01620642110534196
0.015875078892365085
0.015792190997621816
0.016030440917255143
0.01586679573539445
0.01589197155341646
0.01618658758886206
0.01585771956280778
0.015952970023974153
0.01574435397437848
0.015939880200780174
0.016130782164705152
0.015867265264306707
0.015807679053523663
0.01609083520606497
0.016090179484987296
0.015953019672759326
0.015719100134979198
0.015779149320896777
0.015673995676244022
0.015621266760240353
0.015768768039810293
0.015866314039233904
0.015798119196583624
0.01610119079172755
0.01588991502837561
0.016035604220442617
0.01583160326030464
0.01570026958789218
0.015631498643141558
0.01616273623212366
0.015571784631446794
0.016095082072234222
0.01593151017829613
0.015781397169243566
0.015732446912885105
0.015809559428557947
0.015935358776980227
0.015970178431277803
0.015614070227134649
0.015949719051841584
0.015863659431083036
0.015797015219713096
0.01608096445265398
0.016110732165969366
0.015852334945315818
0.015848242277461552
0.01593808418527098
0.015824983223202145
0.015768123523685177
0.015990970398560185
0.01602733954380584
0.016085227815692996
0.015759878767988622
0.01608523838203112
0.015863634487999427
0.016253403602884367
0.015892285832345077
0.015798545856521528
0.01589270690978557
0.016009083165006686
0.01597352580889193
0.015983384890861548
0.016060613730355368
0.015818468790844663
0.0160409029503217
0.01596011442784149
0.016004966997512405
0.01598134810896082
0.01597089495809664
0.015768850608566868
0.01566744196968965
0.015974184218250306
0.015590140131671254
0.016245714339608995
0.015921548515838182
0.01610260018305704
0.015573433040248528
0.015601212300897387
0.015761852400118733
0.015964307573792535
0.015964146183558257
0.016090981845038665
0.015869017780975252
0.015578267160272517
0.015824009150580635
0.016083386828581462
0.015889575413879132
0.0160729995001638
0.015802196549276736
0.015919298821633225
0.01607226807738537
0.016068450906286766
0.015638612403209726
0.015801943969582052
0.015983983177070345
0.0155726877826366
0.015764084715310104
0.0159512767173382
0.01588149261279029
0.01574103813783927
0.015851249466275436
0.01605176264441431
0.015861248567948173
0.015846722424276198
0.015769574903973124
0.015877917325954036
0.01567459226460377
0.015712171664362663
0.01614719688585943
0.016026393962231014
0.01608869340199827
0.015659554776132456
0.015932022166202202
0.015919794027527356
0.015968955377994924
0.015689102184253467
0.015766273497850435
0.015648740229077918
0.015722700074791728
0.015976977788997607
0.01610111906995898
0.015789111081239354
0.01603398275970429
0.016042971236649717
0.015949257471444763
0.01579617648110017
0.015833077234918013
0.015856683971116798
0.015874392067619647
0.015499379973377211
0.01580638636809621
0.015846677059716728
0.015657891594318
0.01591894855875523
0.01547620939736319
0.015599527436692299
0.015893117723762836
0.01573745403311131
0.015573744065104386
0.015782600404199577
0.015925099249474287
0.015694470277921927
0.0154665519416476
0.015809003142656545
0.0159274487708669
0.015723441408979737
0.01587585706096384
0.0156462661331833
0.01549619030610283
0.01577965599560638
0.015665820831450433
0.01615247675497865
0.015827959055361423
0.015866342555106397
0.015884569892198733
0.015680450514359928
0.01605584257213514
0.016019362683201553
0.016024431408796478
0.01590768560458861
0.015792546705627734
0.016069372305866424
0.016121592728965368
0.015819298475129587
0.015940359128508115
0.016156571257815017
0.015821158691132303
0.015897658631568726
0.015821217010982238
0.015885354229420477
0.01588346873932334
0.015807051983087173
0.015569078335956998
0.015554921810784054
0.016222861259475852
0.016099618883781263
0.015654770722203705
0.01579105566882541
0.015929305812003015
0.015917513657131455
0.015886458653155605
0.015853123803436
0.01609402702136311
0.015890659166698105
0.016236392515147587
0.01607635291636096
0.015840554492858785
0.015722007835418644
0.015838399619775758
0.015512307562495766
0.016093320211603212
0.01583397745973577
0.015833672722903234
0.016058649136239153
0.01615401019001066
0.015804816725918956
0.016068230183782325
0.015806604920588312
0.015854923454153264
0.01584216329408845
0.01575816339238869
0.015636991630501026
0.015881772238905887
0.015642815959923808
0.015798384087989174
0.0159428455888389
0.016073546545661836
0.015921602576288225
0.01559907047862509
0.016231572999084364
0.015742052129655886
0.015603116319797826
0.015959449771126837
0.015549812529271071
0.01593553823354841
0.015928765316026848
0.016120043657218842
0.015783593678994963
0.015852864293557006
0.016122809347161548
0.01587446926690791
0.016173313105373434
0.016029377352076532
0.01608815912878901
0.016010095321368326
0.015555287485525643
0.015717437472378852
0.01587791358907836
0.015936179843871433
0.01571588372274019
0.015429481621864756
0.0156299567006587
0.016176024401254478
0.015765952948394783
0.015528589119180928
0.01585218799779275
0.01571480599289945
0.015609075561426836
0.01555764207398454
0.016026865816730688
0.016068937075349184
0.01568069417662323
0.01568925199691158
0.015824404901910716
0.015798313431366125
0.016259043251915416
0.01569265634361508
0.015941769932544484
0.01572653461260923
0.015733466194018126
0.015732182133077487
0.016061759054732675
0.015877032424572703
0.015614496806920649
0.01573320508370184
0.01597774796368515
0.01585313864525168
0.0160149315674275
0.015813196381999926
0.016011953838576246
0.01592210037328774
0.015758214327860193
0.015770096894080307
0.01577887250459014
0.016099760808688066
0.015783029537261153
0.015708124139763493
0.015928858691104386
0.015928793131338593
0.01564297627129926
0.015716581683162353
0.016026657025038242
0.01590229318540815
0.015834466078514662
0.015565669103533854
0.015664254808403583
0.01571021302513103
0.015743315883555837
0.015731699623576078
0.015726343567588813
0.016029137150294876
0.01587571199665588
0.015682194976353137
0.015766418330214388
0.015574140018587503
0.01565845232380317
0.016158171702440195
0.015648152432365448
0.015686710479551762
0.015672255517864293
0.015821693908431696
0.01621499353006395
0.016132490447925474
0.015955560691002117
0.01602171952702629
0.01582475096709869
0.015820076484843147
0.016034452479184204
0.015836250123727
0.015658039362275018
0.015775381458115082
0.016004589811396814
0.01592713179751024
0.01581882340698776
0.01593334064659324
0.016029232606957575
0.01550669048343721
0.016049585072501007
0.015996258189241108
0.015564509288448766
0.01608688003963082
0.01594063235192878
0.015882516071279815
0.016204343300088617
0.015982806590376514
0.015795860198846805
0.015869641802802127
0.016095904312322332
0.0159433831095007
0.01601777486522039
0.015919299212935296
0.015905440392033662
0.015866196121595844
0.015776223191193713
0.01590864744210461
0.015972363537706587
0.015900187411868775
0.015791901617799656
0.01586768896406217
0.01581281793686105
0.01578834934732762
0.01563084321406271
0.015929439450054036
0.015795295667465976
0.01595681924519502
0.0160162223152595
0.01568063705905186
0.01610541347188222
0.016078092051917268
0.01571585400671705
0.015982563617088583
0.015781436833087473
0.016037830428720867
0.016223704163387028
0.01612341159580625
0.015673184629523093
0.01588883718291752
0.015854141662877567
0.01547627152147315
0.01587330106377231
0.016021551413725903
0.01565670978072695
0.015726012997253576
0.01589565350612383
0.015801825001457524
0.01581700329767414
0.015822980661672457
0.015553344273289528
0.016118660047139636
0.01616499487213236
0.015591120322791262
0.01576515431623451
0.01576622183793812
0.015845667907751115
0.01572866708146161
0.015800898555617976
0.01596235101307239
0.015903388963140763
0.01586358327069586
0.015424085648101004
0.01573290588184302
0.015843061389560913
0.015822516276431844
0.016042093542319592
0.015668447912268967
0.016019609934804283
0.015963532534664614
0.015636950257459127
0.0158591296558802
0.015974469515999793
0.015738757612341156
0.015853513645513708
0.015722738383619216
0.016020301952636554
0.016010380793371366
0.01605302698302122
0.01575347249057805
0.015890718280501127
0.01593286301311759
0.015714281283301972
0.015945839119910075
0.015952587056754657
0.015667271000948103
0.01615433909299713
0.015843548263203496
0.015864302684874758
0.015777103760825646
0.01568914474917074
0.016125413387262918
0.016327227603414318
0.015918370301774475
0.01597501224180668
0.015338968942861594
0.015646170484770763
0.015703071063414203
0.015859538924273393
0.015840359076131235
0.015663229133323776
0.015838759228034835
0.01593730868745664
0.016108291226009572
0.01568015026012315
0.015978541764979
0.015871236450245733
0.016065642464642114
0.01568093766959814
0.015752903287925297
0.016049145041617623
0.015754363230044435
0.016016572699429316
0.01605167636029776
0.016079831139949877
0.01585092916153135
0.01571437547763128
0.016117575583356716
0.0159583715788167
0.015993977267002888
0.015719716958030133
0.015586593236342
0.01583963473793001
0.015714263085745923
0.015609415994702211
0.01586912331833592
0.016039043237928298
0.015832300374757732
0.01570859592073148
0.015948314114262622
0.015615728729401908
0.015827519714399156
