0.05823560857015796
0.026781913036455583
0.027499087299920396
0.02214191967879019
0.022898067685863662
0.021264132972420274
0.020898175786631442
0.02179161312791771
0.020427153308060723
0.01866683170622018
0.01864546279660221
0.018643051517979074
0.017567134653199454
0.018010236640084366
0.01723295910234112
0.017627394162267513
0.01859083963211531
0.01852436265684269
0.01619473863389519
0.017982982640646676
0.01938209411156497
0.017694179445480532
0.016160839456097753
0.019365026829829914
0.01604330570938732
0.01749288739002013
0.016919561327833624
0.018856691769919075
0.01776781306037517
0.015893013617586417
0.01746662445333254
0.017262416374654605
0.016493716121833497
0.016569074192904595
0.016840496377876647
0.017884467809423137
0.016066937513149224
0.016325203121751536
0.016372996909393728
0.01648866198578356
0.017007432139963658
0.015752557183801086
0.017167549023127504
0.014900027064971315
0.015544333756204266
0.015382932516206881
0.015785733523121907
0.015572730257547789
0.01598887418148367
0.014930321515469708
0.01606890337709353
0.0161265957473957
0.014924039949094418
0.015675602977222123
0.014848049905051506
0.01603271493706328
0.01599541127069803
0.014460701728727708
0.015774522034802407
0.01627517152829178
0.01521100434044865
0.014802640872476652
0.015942824310832233
0.01484993225042699
0.0139606924256544
0.01496054776112756
0.015770465307191363
0.016005491830641892
0.016162812099713087
0.013923616556898314
0.015181063762446828
0.01576590652045809
0.015111858393983466
0.01507562650650984
0.015590872061503044
0.015747517454293272
0.015276674807409123
0.015602352518361375
0.015453158304017653
0.01572986343058084
0.014366213572318343
0.015050853052833957
0.015108229307064878
0.016173856470381064
0.015075629464877324
0.01571097381133521
0.014643105664358223
0.014448583492906156
0.01589151247485148
0.015480198956224296
0.014778043592282084
0.014905591818869572
0.014239699820133818
0.013753649866336096
0.0150897084210426
0.01402774683778328
0.014389015269924633
0.014196822397607984
0.014720345063821614
0.014056119829310263
0.015600315669037646
0.014785020847510297
0.01580759917043293
0.01475346446137151
0.016038734718974067
0.01450123751743301
0.014306864740019024
0.014139262794665526
0.015718648605224237
0.015091891198136911
0.014475871120110832
0.014941116016248576
0.015055605552414753
0.014029930996628295
0.015442123878854892
0.01479041430975418
0.014195265582719059
0.014405233985936976
0.014103839803530365
0.015349751154381672
0.014813351396804677
0.013687321380133824
0.014351866374073053
0.013594692195287382
0.014082414857138788
0.013905126181850722
0.014291567482654805
0.014337597974484775
0.0147289090783288
0.014307072699209116
0.014268109693348064
0.013690466629741743
0.014251074920763553
0.015080039511178403
0.014593842224551188
0.013891526457377335
0.014062215191748306
0.01426605807741775
0.014233959756873466
0.014417585683084386
0.015025755786646059
0.013940308305861944
0.013518724822912102
0.013284113981269377
0.013845055163704567
0.01524648641066994
0.014596496709519331
0.014820529874618892
0.014156727117204056
0.014286558079016654
0.013720126749708314
0.013446739515750978
0.01377819528571212
0.013879008429200791
0.01392667131878368
0.014239380532845014
0.01478913278752983
0.014761915512064478
0.014057631839348573
0.014034320901148672
0.013647634695044302
0.01338379879282196
0.014616412116365012
0.012996606980488608
0.014023102833703373
0.014143395622091735
0.014664575571392707
0.014077526507628814
0.014096076352500361
0.01289082114242634
0.013524621828253747
0.013422396234843322
0.013424826286156244
0.013115718897226456
0.014156688784314734
0.012901604142380054
0.014684656042756372
0.013695058009215657
0.014976576726036745
0.014270494096366831
0.013947393974243273
0.01426455383081651
0.013294932778368856
0.013693353290653233
0.01385036719707274
0.014367431822700663
0.012783720977613855
0.014170506590069711
0.01319309456705411
0.013268375710868714
0.01376940209870738
0.012933639824456195
0.013976464266438901
0.014459731169567927
0.013464694385405743
0.014824547664392087
0.0129913911429281
0.01298667960077617
0.01370379355496665
0.014328338818039308
0.013174745330058987
0.01361171757904237
0.013454721494527127
0.013236974813301999
0.01335712380478678
0.013626018522625192
0.01307887054786
0.013251977810652845
0.013366979043943784
0.01434996493744258
0.014233354860761148
0.013490903972921572
0.013413938521848566
0.012869468756788648
0.013782046110756927
0.014206594148928688
0.013877645331744124
0.013319417005834907
0.013596480284050654
0.01314047989355335
0.013533445635852733
0.013234445255292096
0.013115659514778695
0.013405815302854283
0.013744867644541026
0.013969375873363731
0.013330761801714342
0.01400365035138295
0.013438200648077306
0.013183856746905347
0.013533421405729796
0.014294715376087737
0.013146885569916496
0.014057738970668648
0.01335799963519527
0.013611717165232969
0.01339780847616941
0.013744780207768046
0.012710927824344185
0.012262230056552104
0.013510304157010052
0.013635418279732905
0.013642389159397597
0.012875027520241212
0.01418776569798904
0.013618168108499388
0.013277359997598904
0.014210965734736888
0.013266789118917818
0.014207336399828449
0.01417234385956273
0.013834292583336981
0.013992944876180363
0.014235842213702403
0.012808774409288336
0.013635909776865606
0.01355317533302529
0.013228320503098754
0.013519623046058799
0.012854572574618145
0.013828307755394634
0.013464932845809468
0.012773612491303278
0.012772222758068302
0.013181477181995842
0.012811317014155546
0.01351888409758878
0.013783504919163239
0.01320929990001489
0.013012462644564191
0.014061199749028343
0.013460154451462026
0.01289006614980564
0.013528997323451582
0.01403801437704678
0.013043571071081535
0.013129781536878155
0.012865750730841763
0.014553746680036886
0.012518159351224958
0.013343275354478613
0.013343593963344799
0.012951414611121698
0.013672204146778456
0.01362957384137747
0.012705775347066744
0.013500470613474742
0.013306837785689234
0.01333483706431879
0.013980035285516236
0.013448380276476542
0.014728861574902549
0.013552440971657628
0.013194228856899054
0.013086669708304625
0.013455593072933097
0.013062201474054314
0.012862680879199867
0.013445382672170061
0.01356789837127848
0.013353492790504316
0.012767344977410172
0.013125033724110332
0.013419929714410228
0.013925748709396389
0.013193538111219797
0.013393795501552216
0.013693701495854053
0.013183128346108648
0.012947005732419784
0.012903422230343152
0.013024077464359117
0.013092393731437035
0.01329949897705263
0.013441504783635445
0.012732866722249185
0.013828991950876295
0.013118511682679981
0.013133285661876194
0.013781676237501986
0.013057720990146241
0.013194917549858881
0.012727869655839937
0.012638706396946926
0.013440467271001852
0.012426514580906411
0.01307274629915941
0.013961825846647498
0.013015475524264642
0.013218965905641068
0.012596211408876687
0.012784129221855796
0.013732098811899117
0.01392097780845985
0.012579257673128586
0.013107695610156029
0.01362214759644115
0.01268028451660677
0.012648013793985044
0.012496031325859218
0.013753643309926924
0.012573122882907097
0.012754015372451417
0.013367063916459105
0.013785893045283463
0.013890762778722782
0.012339468007475537
0.011945169315701392
0.013083321268696942
0.013427152580041552
0.012293565651445773
0.012366701702389188
0.01309429646048981
0.013070496613196335
0.01295812757098816
0.012262517287662282
0.012702261453741355
0.012513742892859944
0.013045789401916493
0.013277644426281779
0.012778479962930994
0.013400534466455623
0.013333921853808104
0.012963283806861787
0.012750701195552291
0.013467234741149345
0.013446846226695126
0.013065478506013594
0.013113824110415456
0.012887368076184248
0.01270215611762644
0.012939560468282776
0.013222351252610533
0.013726645402072201
0.013635293228838897
0.013301726608719758
0.01332582993566458
0.012886397801987996
0.012957241294598751
0.012446535074812314
0.012460099173934432
0.012735013362749788
0.013154865859261781
0.013045494339189785
0.012444636965339576
0.012735856833913813
0.013507677697083975
0.014212466581149984
0.012753879578012335
0.013650718541726075
0.012969775459034799
0.012536005133681673
0.013060073995502372
0.01298696112480692
0.01251468259787015
0.01298333698520305
0.013584950174027709
0.013725559263018237
0.013462848580908947
0.013245148617197578
0.01285944345717116
0.01412562295174039
0.013463563122433114
0.012877758503097924
0.013829414283597992
0.01243414611014992
0.012520169952077049
0.014825993896068802
0.012844428988219156
0.013927919540029199
0.01249396849261791
0.012298463200006776
0.01285942529404422
0.012037526555006783
0.01344387512293203
0.013388562827835272
0.0127448148773191
0.01326755892186278
0.012640151786806945
0.01249740560397857
0.013316468150997199
0.012891121165719131
0.012625794327449126
0.01327957476455585
0.012755326982789895
0.012499886166955323
0.01327976663658748
0.013395162377186333
0.01313157161145329
0.013013242965159847
0.01299780263267739
0.012985550595978303
0.012566463603319073
0.012542544617252247
0.012673118360078407
0.012272837581974911
0.012795236214634758
0.011952202327827262
0.013788701280824192
0.012850426119108412
0.01399973215177851
0.01261677697731817
0.012328817499353691
0.012772725371322437
0.012458414341472332
0.01290561543490196
0.013332909564913276
0.013308787357552166
0.01212374310285508
0.012932182718051797
0.01265907704060289
0.01296268715789098
0.012635545182459892
0.013648170679675149
0.013352885899351503
0.012698922106996297
0.012847079732634267
0.013128522231988881
0.012550517780024669
0.013159031144489495
0.01384930014223398
0.012473430611219919
0.012762104888015782
0.012693674913804829
0.012848525474602012
0.013292993249207545
0.012405162453847832
0.012388707974203083
0.013385673794988407
0.013252703638318203
0.012867366163533215
0.01348138657320256
0.013234494194894308
0.01293262215846462
0.012124371192230095
0.013030620684282514
0.013230591212354167
0.014501671819628621
0.012863403323803289
0.012506728909045074
0.012599164782489397
0.012825569666743199
0.012576883258741131
0.013327262087646482
0.013963589506103234
0.013360206226355116
0.013062098324710598
0.013061177907300398
0.01331259187516567
0.01302676388375896
0.013400399859078649
0.012064897773781108
0.01271617022923733
0.01280869840288347
0.01280463713449069
0.013317336793367785
0.012615935941210986
0.013008487486624622
0.010464976410959054
0.010195514058370887
0.010149104245180252
0.009987232211298347
0.009727810845933776
0.009348329684443837
0.00945244623241751
0.00981535959763086
0.009177035910561838
0.009552026076882061
0.009421116108918257
0.009456916216008148
0.009647649888914448
0.009561460413074699
0.009524054683977753
0.009449606101962547
0.009963170227491798
0.00979370981406813
0.0098143259827328
0.00955216385038901
0.009405431117823892
0.009218274760878461
0.009318211911629406
0.009566130306597042
0.009321326899287755
0.009484742150618846
0.009348104641018722
0.009105601961272672
0.009257896114070943
0.009713282723474107
0.009157435953373838
0.009154557468732715
0.009559202925428983
0.009217391762486586
0.009757047511338109
0.009315982064499505
0.009620975896743093
0.00898846359935905
0.009650327950961643
0.009458522013300014
0.009361214818824433
0.009159905716487211
0.00886981213973026
0.009181393016590454
0.00922599307846538
0.009531554189150786
0.00887325059107616
0.009090001599465986
0.009217602577316497
0.009133085718220236
0.009033266352858144
0.009374934424088517
0.009218250184297375
0.009250167227691338
0.00924279125956205
0.008915025959479855
0.009366350515317218
0.00954326753536697
0.008768341671217561
0.009278487125371994
0.009594626370009325
0.009422225185524963
0.009224726964296555
0.009079926775677651
0.008884195272071816
0.009062610643048046
0.00901667253335356
0.009059092421317725
0.009288909594579666
0.009384815661390572
0.009602717467307627
0.009021834600479015
0.009173112930497494
0.00912374367403605
0.009206233837076286
0.009332206089340397
0.009192081186100477
0.009196245594904132
0.009169524061622953
0.009072284165156702
0.009081783310734367
0.00925002450441462
0.009265841473347577
0.009374607811042253
0.009257938663320163
0.00875093087153834
0.008866059747371044
0.009023202732626596
0.009289131457883968
0.008829190079277776
0.008933036295241696
0.009440686132453364
0.009202417959315076
0.008953609411548916
0.008968925102480346
0.009197268469924906
0.008685465594054968
0.008791298205860564
0.009417466800119192
0.009180171897642317
0.008813825818096385
0.00939747226487045
0.008965532815699458
0.009138446496472444
0.009305282795875943
0.008786604923943241
0.008984367609310845
0.009375208533979927
0.008742393315986545
0.009023044438373536
0.008777534973579342
0.009004040238173763
0.008824014467126471
0.009092287810187226
0.009186254654038028
0.008886651459752185
0.008788586844934644
0.008991709231673906
0.008823923071389548
0.009090734499012744
0.008957047581628654
0.008653704022225185
0.008998280755539215
0.008833199532551477
0.008664392842116989
0.008814087891902102
0.008995083755116836
0.008892233175517381
0.00889863952876504
0.009177943026617511
0.008691344461885037
0.008791382093574582
0.008960401972105408
0.008951739986492024
0.008572314365943884
0.008713640851358924
0.00907998828420062
0.00914776508692177
0.008820872635809008
0.009117480171017928
0.009106389581093477
0.008998939821964308
0.00885555343079503
0.009050844466622642
0.008909113144459805
0.00899639727016172
0.009207663175686678
0.009279858025280356
0.008912363457169004
0.008922169559787198
0.008759969881441313
0.008786080432594918
0.009053276898271359
0.009186794468136208
0.008769839363539311
0.008912979371200665
0.008813350908065424
0.00888489144075434
0.008664196407977207
0.008858991893913348
0.00881426422046581
0.008893088704862568
0.00902539192959368
0.00884421853427766
0.00862259336515981
0.008773180007823827
0.00895614061376348
0.008658382808715663
0.008853824999267894
0.009151257609816357
0.0088629047600204
0.009018312597909143
0.008568292496938766
0.00888092108105162
0.008982752851522119
0.008630423237213086
0.008756479951555117
0.009081815559738119
0.009012300464491656
0.00899412923016921
0.008336409863174712
0.008818957632826266
0.008810378852422389
0.008717965422503313
0.008557726793951411
0.008960045643669265
0.009098508147057708
0.008661507707360601
0.008976796736953402
0.008826544948590951
0.008788081127873366
0.008560275794998667
0.00859119648491629
0.00853693511987542
0.0088818581963367
0.008738660868767225
0.009122545690346304
0.008370063659924152
0.009096039200766825
0.008787917286296748
0.008453850581006086
0.009116037710952136
0.0089245319822799
0.008960711922653207
0.008935693885584666
0.008962811379387188
0.008980502256331938
0.008591425744168883
0.008522760250618006
0.009029791563456364
0.008914778299965941
0.008777378680903725
0.00892899130378587
0.008526054186706133
0.00865524282492851
0.008816116632572927
0.008607870110329603
0.008543660300577648
0.008547716713172959
0.008681895176672477
0.008621359117391118
0.00896615337075589
0.008884987661230843
0.008383925475063253
0.008455030254029125
0.00870859078436575
0.00849899776353992
0.008623240857581444
0.008571329162427286
0.008713047398097034
0.008677777020046658
0.008601017930368444
0.008517684200535464
0.00854942171368186
0.008700740333976163
0.009031817275273085
0.009253949625225327
0.008439677041677073
0.008796824542835723
0.008725022818976726
0.008489229481829137
0.008590055385821374
0.00902125925461734
0.008758713463101852
0.008513504954520287
0.00842582589113685
0.008705651030495297
0.008797625165027105
0.008542816547437567
0.0086446520539651
0.008784666222873995
0.00887047750324594
0.008510346006371806
0.008463408244912294
0.008347498645322951
0.008830139811578973
0.008940232714636577
0.008625406237406784
0.00886637768231061
0.008997873265412407
0.008668228878696371
0.008731251268256636
0.008708200692898122
0.008800557788361115
0.0085622950833044
0.009140319027229534
0.008705839314305448
0.008621618402139217
0.008523237263593442
0.008668830021181764
0.008844410160094176
0.008311186048540541
0.009154664728159189
0.008993946329608227
0.008852088344203243
0.008538475104316644
0.008690692075302044
0.008867129423732297
0.00870488179738866
0.008755479958360358
0.008905651064537915
0.00864176681390768
0.00874631273347435
0.008911418817563023
0.008911281789474998
0.008692942752632948
0.008666206125513345
0.008789202406089524
0.008977058541354114
0.008650157863568469
0.008799188753375481
0.008628325947698622
0.008651245608906889
0.008724635105301103
0.008844222638237578
0.00873033149421801
0.00873943291089727
0.008471253401558592
0.008730302470857066
0.008655115870037993
0.008557174110942842
0.008536557378947218
0.008589835852834878
0.008619838101452273
0.008986733474319157
0.008938794180583786
0.008916526631229296
0.008700066754790967
0.00861981582223805
0.00860216523731428
0.008769394232552111
0.008760054956897757
0.008695801692633055
0.00856084269663434
0.008819579451110582
0.008779461808878446
0.008574590640122328
0.008940289776172637
0.008480087758783108
0.008500344247421692
0.008812801049550047
0.008871835307846687
0.008775408231099378
0.008805838178236063
0.0086934519612813
0.008694390365291314
0.008630223102540578
0.008738200443455532
0.009258787884186869
0.008479119570020599
0.008661354424667724
0.008513849342469878
0.008594324387776074
0.008657911106077302
0.008942737976739975
0.00866906241778402
0.008713412911001786
0.008631646296332778
0.008905046403459873
0.008536678557129479
0.009021882089470742
0.008768145215041467
0.008636940486884376
0.008762037248424568
0.008801075595223445
0.008851547563317337
0.008468518825215347
0.008625732421025966
0.009054176157952927
0.008754325112895731
0.008724592612429347
0.008706756647637658
0.00855112541283562
0.008962949719715407
0.008742542433846045
0.008353347991712267
0.008965304241199379
0.008659229040245733
0.008927445640128581
0.008350416691237289
0.008590901889211501
0.008787986594609306
0.00876357006991083
0.008342205063505985
0.008631412610621062
0.008715727720448676
0.008320451508909331
0.00843282290693236
0.008645336865398656
0.008684038029175424
0.008679166756564896
0.008991124464800819
0.00879770820947506
0.008290874679191726
0.008851223884590876
0.008780950516448602
0.00859185702925323
0.008560761662075507
0.008559813123994522
0.0087242301769769
0.008790419288386609
0.008785855868703615
0.008519777385025169
0.008713146152157831
0.008777916349996175
0.008412438831863262
0.008490325394682556
0.008371909062443124
0.008515621118446516
0.00861700939645532
0.008796416059359298
0.008760181073491474
0.008781141299620212
0.008842690864437449
0.008923907117956114
0.008271992320984835
0.008444421295033306
0.008727239469284082
0.008685104831853705
0.008896039453669525
0.008954281275717464
0.008265430675332646
0.008499409729463527
0.008326367935044963
0.008423907959631776
0.008390342127994381
0.008623228227905538
0.00856788679219691
0.008943858679142866
0.008491155872704631
0.00860951107035808
0.008791408475121882
0.008571577893793328
0.008703960769439514
0.008338251785553656
0.008662757844345472
0.008632395736305707
0.008897288144451175
0.008666217992170856
0.008736580471313399
0.008524198794816374
0.008643180519928795
0.008548546523479993
0.009138813645891334
0.008515576020468582
0.009037427108632859
0.008712878440457832
0.008720757984044246
0.00861845546488585
0.008509322581833444
0.008726718575947869
0.008507240591435263
0.008546198459729842
0.008866100047555815
0.00849892282599971
0.008556532703649094
0.008328145862258425
0.008750089040704137
0.008831442045481506
0.008886995212139042
0.00838972245572148
0.008521782192663953
0.008829642660253992
0.008460499983800777
0.008817347665554283
0.008557868452060842
0.008696892908380029
0.00887087510723247
0.008860005308760192
0.00866909646542409
0.008362059741440877
0.008891310950774655
0.008537608812732491
0.008644579138973802
0.00858504207217243
0.008609245321782899
0.008502127828561221
0.008623646192261155
0.008573759963684707
0.00857746038465929
0.00875524687307159
0.008651490521542755
0.008556702685843695
0.0088294630154176
0.008420086013277308
0.008684814170976439
0.008896926027504777
0.00844841360822694
0.00850063562825041
0.008432742715018433
0.008648132550032203
0.008740979670898052
0.008390302409864037
0.008515415232385326
0.008403072021881494
0.00869735694995404
0.008415165816711829
0.008749360939778754
0.008540022379375546
0.008471482198196528
0.008819023990373128
0.00849117900189934
0.00877969014331583
0.008945724103795717
0.008596518449532629
0.008395420544214827
0.008698981160403647
0.008385509042064466
0.008713918849579762
0.008667148750911676
0.00855675032003845
0.008993712395019293
0.008701356596447765
0.008665719508432845
0.00857962346176398
0.008595353948820945
0.008350447980226891
0.00860033927502266
0.008635734862391857
0.008626702346309014
0.008627305397050285
0.00836254154567253
0.008661820070633139
0.00842844159385238
0.009039869780955055
0.00845065099949563
0.00841088041184346
0.008588758883134684
0.008291761007344285
0.008831470212413758
0.008621198178425679
0.008436704009100734
0.009005615720806383
0.008671978797694017
0.008648212533739956
0.008837636120066985
0.008465560848941754
0.008579564992063216
0.008408402646650113
0.0088702453153527
0.008424493359375911
0.008721043206211827
0.009024919671403628
0.008690185128673717
0.008846019792710005
0.008288426789883596
0.00882344864115861
0.008652148584709285
0.008370862313134088
0.008443147362292264
0.00828601111429154
0.008597045336509061
0.008790897919744288
0.008987924679195663
0.008511044605556012
0.008493297662377029
0.008371314929220509
0.00844351784777215
0.008566673303639761
0.00850792643215685
0.00846381011983187
0.00872827920394697
0.008647008816941314
0.008698403352509137
0.008621505926673335
0.008158808383621659
0.008622847682864036
0.00844611318189565
0.008737517922881473
0.008353076107370048
0.008456667088623374
0.008587074416090837
0.008349918684844249
0.008688351111799499
0.008274237868498947
0.008874501485193214
0.008704230731535015
0.008715857968569883
0.008642100230051497
0.008694268251467954
0.008807398412095761
0.00860970303083075
0.00844889340085389
0.008520151644363977
0.008421571067729786
0.009029518628499695
0.008432358200719517
0.008550714761814309
0.008979157228177808
0.008495115402787554
0.008793929557049262
0.008854623602282365
0.008427579422644457
0.008870571656953012
0.008410782210139828
0.00839528434022571
0.008452759885404811
0.008510749070276123
0.008679597371331256
0.008287257391727294
0.008718014941527423
0.00882402720047657
0.008779109555976857
0.008768499882886213
0.008497831520125699
0.008546697983049358
0.008653967351538684
0.008341602993099596
0.00830353539949836
0.008435727062457118
0.008391640785092906
0.008542851938168667
0.008474237502190582
0.00875634064503075
0.008389111841703843
0.008639775784199338
0.008716755239925378
0.008671603459049186
0.008607779513342437
0.008596395287254081
0.008376184243734642
0.008376952547323022
0.008656127422831264
0.008384289669752867
0.009064806442833665
0.008395056254635967
0.008581752580024582
0.008676086030550263
0.008948880485645593
0.008800489163115068
0.008808162895179227
0.00854149801565619
0.008383318964650586
0.008282870367900099
0.008807717707932879
0.008198073172219723
0.008661312126632459
0.00852273778162529
0.008212113197172834
0.008612345623407701
0.008517849375264588
0.00860861678484891
0.008695002770225165
0.008346300121965406
0.008695852792222732
0.008435709862154325
0.008668784069821767
0.008746396990274411
0.008381771520695924
0.008796637259829083
0.00829451464944547
0.008298341058996109
0.008751623381512766
0.008458394186702215
0.008406359961164454
0.008365044249522797
0.008482513807000304
0.008426914031265413
0.008806793348093367
0.008592694166974146
0.00852933631476221
0.008521638404604473
0.008673436179064261
0.00852148097733979
0.00868395546065265
0.008428099475051342
0.0086023369191149
0.008682120756097604
0.008278086907389749
0.008276928889613146
0.0084580576520801
0.008242621095174889
0.008816688034999605
0.008478566434040106
0.009096548452837066
0.008427881303346924
0.0086346978375446
0.008638449631433077
0.008364042411666885
0.008723049316211436
0.008638858363372618
0.008646726876586953
0.008588871429678764
0.008711895171344897
0.008526133957327185
0.00866761263551024
0.008677542991367108
0.008661900431354088
0.00846267444261622
0.008455540311208595
0.008966893535009172
0.008717043418478653
0.008522100826613081
0.008627537458611863
0.008520041306923198
0.008302982791087883
0.008629972066708727
0.008631181871356518
0.008683843549405091
0.008408416657692198
0.008722693511026782
0.008655753660329949
0.008726746471434167
0.0084947188670741
0.008441138375326418
0.008493297374396446
0.008698223263781559
0.00838792214286876
0.008726776824338985
0.008585634136939614
0.00835130288403661
0.008846554571466537
0.008693246246038502
0.008400180421375391
0.008291926081741636
0.008264611978958203
0.008740596363124187
0.008015161751742448
0.00800467427402431
0.007938524031444778
0.007984071765743365
0.00795663260245277
0.007830044977333323
0.008099597633308076
0.007870175457063014
0.00801478669436378
0.008202248109766176
0.008074590255780415
0.007859163934609
0.007984793658137515
0.007922376096036842
0.007650933579357703
0.007990757326103232
0.007776799656988257
0.007915588240691425
0.008026731408840714
0.008190863446441897
0.007705276103159383
0.007974192607486
0.008134080216548625
0.008001250405363132
0.007943318141557482
0.007929233308085966
0.007732375585693254
0.0082804285893648
0.007882278520928156
0.0077389596844838465
0.008132030659785952
0.00801909986294426
0.008037105520618915
0.00780722125607487
0.007680131202658414
0.008025681272979425
0.007936178049815529
0.007796057287035938
0.008019276711594508
0.007734211526973452
0.007677772690472295
0.007731915423367936
0.008031718353542988
0.007733494148414622
0.0077291999537198895
0.007713053172097753
0.007790084467907498
0.007649468177154434
0.007880106863001909
0.007704494526050263
0.007986883591132417
0.007806878410962906
0.008125406448163609
0.007999311734582723
0.008311014566131569
0.007820520235056012
0.007906617784926722
0.007738849602545969
0.007815955305604649
0.007937322994882827
0.007910870186794525
0.00787679721233168
0.007867961265712282
0.007830772506083647
0.007810438250324083
0.007927444591273015
0.0077520841797103284
0.008019027653647363
0.007888088671906194
0.007929067814200056
0.007683042927730275
0.008032903287920374
0.00829633853745461
0.0082752548444138
0.007730303145270672
0.007992890242388754
0.0075529068919021865
0.007893813958266488
0.007760545064277584
0.007916416095268379
0.007992382170991569
0.007661220743066207
0.0077258888291901265
0.007722760658700073
0.007883672059641942
0.007775210368192094
0.00793962334951476
0.007956680186363323
0.007999002349643456
0.007977323305614983
0.0077634559105590716
0.007895251137958673
0.007826350173725235
0.007747374726482455
0.007852274844357745
0.00802504334928644
0.007824998799616104
0.007922440839017143
0.007992527139842423
0.007911388194349977
0.007806363901797686
0.007880557152201683
0.00817937866248011
0.007845299515073616
0.0076637760009471085
0.007888296491306204
0.007704079722411676
0.007785431329406552
0.007871219887915401
0.007821735996044975
0.007828690477173684
0.008014711778504933
0.008087697705816077
0.008006025962557596
0.007811416139855639
0.00789954468966636
0.007770639624970059
0.008009330970043794
0.00762126480261085
0.007586008541436016
0.007957523296338883
0.007993169462900221
0.007974292928047579
0.00805415288966218
0.007918250380630655
0.007887215767653718
0.007719806042860526
0.008032550363606375
0.00796367083112089
0.00790342432607983
0.00825195240897663
0.007951064944257335
0.007637189667183748
0.008035765339314624
0.007692641751414892
0.007855618274239144
0.007850133426729283
0.00816687329284852
0.007691950957285327
0.008043999407184388
0.007964855340862982
0.007826540643685424
0.00796721188359439
0.007998830412931512
0.007851849054833807
0.007792713876499167
0.007844616066637718
0.008259782058537102
0.007922304689660332
0.007846328184490853
0.008013375871845845
0.00781159694016383
0.008097471525207685
0.008132457149384294
0.0077814717353147985
0.007646534740606566
0.007965116719297347
0.007741312120297445
0.007628789196422812
0.007631919665137516
0.008158851794712518
0.007916311225080963
0.007812898306811778
0.007697545514511656
0.0078085543585615
0.00783461901931731
0.008032406546293322
0.007815447984891439
0.007614874606564587
0.007822384887668893
0.007905670492947414
0.00783845323241406
0.007686711751325204
0.008238717110973449
0.007827335063497993
0.007833405786647589
0.008064835818330852
0.007750751375734384
0.007984202404129136
0.007907773354010592
0.007927408013331912
0.008011494162831725
0.007494024662920327
0.007875723556951961
0.007550206381153429
0.007808911419786356
0.007725006581216015
0.007974107405757052
0.008038016842948068
0.007899040860540227
0.007769389503188765
0.007865911004704573
0.00813324945211365
0.00764550688653287
0.007560280401370641
0.007833565859955706
0.007846140448778502
0.007939838209176282
0.007834332850416525
0.007782782986357865
0.00798409513301898
0.0074945750698884525
0.007854631543147653
0.007666994636324771
0.008111799537190422
0.007777143079495963
0.007930375268164733
0.00792487120306822
0.007865160495186672
0.007768207231034494
0.007784557535863179
0.007856103673554592
0.007604562805342374
0.007952167866196059
0.008092946557469255
0.008102752921210352
0.007742167597790746
0.00794458094817941
0.007624303246119164
0.007892456336877707
0.007863788228376233
0.007946844251281797
0.007639733336656246
0.007549219421120927
0.007895114100494122
0.007700252681764727
0.00817976620569229
0.00780047555524769
0.007623700052748234
0.008102363935669795
0.007846674419142543
0.00787956755529522
0.007796511641240162
0.007830795507852272
0.007870664781799885
0.007994971903070466
0.0074350342945088835
0.008026970549116427
0.007983584513277608
0.00799587892713563
0.007890005518662719
0.007654545962456042
0.008003419459484674
0.007981565431403312
0.007830250456743215
0.007741234790294074
0.00788214892851294
0.007986423822709874
0.007877249549311202
0.007926624358272523
0.007835300125012247
0.0077444053637358975
0.007812055549890471
0.00798360813008118
0.007772694249137955
0.007637318755839999
0.007906174015162443
0.007850513773710188
0.007973532161469465
0.007996448571892825
0.007508850209511978
0.00783544635638109
0.0075739990105638455
0.007760052927145309
0.007739042260460515
0.007915714684576136
0.007759904956534663
0.007768686737988022
0.008038004564906628
0.007883481541261023
0.007717808972629342
0.007734495106563213
0.00793964885443095
0.0079401783672484
0.00809790344742245
0.007794764683149622
0.008126267086058327
0.007807039949818873
0.007790376841198464
0.007960894313494003
0.008126399888262036
0.00793889424299408
0.0077112288224796405
0.007761504817983563
0.007828486906167564
0.0080589488242632
0.00803937655645543
0.007791843845633875
0.007991620291771966
0.00808433633976696
0.007719296088024197
0.007820343605053305
0.008054614777001829
0.007603869997478422
0.00800093528060055
0.00803675356572517
0.007825937627965622
0.007710025353020115
0.00783570025906318
0.007699411500484094
0.008013389293793718
0.007619196694379304
0.007700273716415379
0.007869743975899858
0.007732162710423808
