0.0003457587919093904
0.00016339741074340621
0.00013412408313208057
0.00010771975136835111
7.592181918643506e-05
6.854179923178654e-05
6.005798734770487e-05
6.45417695438438e-05
5.736756032772406e-05
6.343321420419598e-05
5.530808596015697e-05
5.1415104110743763e-05
5.964665398061378e-05
5.162469173163121e-05
4.747271708846054e-05
4.883147970411543e-05
4.609326208804632e-05
4.9371276945700245e-05
4.815199924002074e-05
4.646137765703679e-05
4.507255422559501e-05
4.425307056159757e-05
4.3305633671959414e-05
4.371739689390797e-05
4.134822036455676e-05
4.1519287493380095e-05
4.2260137868126195e-05
4.159037886454102e-05
4.09856481876968e-05
4.219613077985811e-05
4.17505946608132e-05
4.271886686476437e-05
4.044391177175291e-05
4.289342602380229e-05
3.980953052781173e-05
4.1034170194530595e-05
4.220182343948769e-05
4.1579903484694885e-05
3.8669178900767666e-05
3.699790380725968e-05
3.537976284937451e-05
3.8123427603730474e-05
3.923454797503709e-05
3.8851021899128735e-05
3.899871160520334e-05
3.86091716483767e-05
3.713462436607849e-05
3.508440316185911e-05
3.6470227382765816e-05
3.549135203309727e-05
3.681671770436083e-05
3.861286992836581e-05
3.5454393874190204e-05
3.655113605364796e-05
3.580772094340874e-05
3.463144684881531e-05
3.4813409024243105e-05
3.509371443291183e-05
3.5293598244763856e-05
3.5249371469449216e-05
3.8127179785872024e-05
3.701577841257508e-05
3.739833490130389e-05
3.686478237216272e-05
3.578357603693557e-05
3.538396952735751e-05
3.429023686500024e-05
3.420501335643141e-05
3.5518409551262805e-05
3.4243098603422794e-05
3.3347309808527734e-05
3.439063311868487e-05
3.4271063573209716e-05
3.4620859755277406e-05
3.500532201087741e-05
3.4432005390012145e-05
3.6204820232867346e-05
3.37470488226278e-05
3.6440729222524064e-05
3.460854921445648e-05
3.505545184191558e-05
3.300493956607299e-05
3.5447437001769794e-05
3.235680130816504e-05
3.429080526615944e-05
3.579252681513138e-05
3.278761455775111e-05
3.317703107272533e-05
3.322764270607997e-05
3.221415447423395e-05
3.278726448992589e-05
3.2246199007697104e-05
3.1490540823177215e-05
3.3233217906403735e-05
3.3871257566434464e-05
3.225940367268415e-05
3.120449329521155e-05
3.506751182657734e-05
3.362708667993682e-05
3.412331854338744e-05
3.122982973541944e-05
3.4017960566953645e-05
3.365979178131654e-05
3.212613652407619e-05
3.327598499958353e-05
3.3452248177436336e-05
3.466750472331027e-05
3.10530416335282e-05
3.2546219809803805e-05
3.165749693552987e-05
3.162226524479568e-05
3.2571782283653156e-05
3.1037322107347333e-05
3.199876419778605e-05
3.076675432983385e-05
3.295203146409163e-05
3.249746436518673e-05
3.186706009313274e-05
3.115429143668176e-05
3.363549766657743e-05
3.278181053982856e-05
3.3428182939529145e-05
3.150840618812362e-05
3.268736182595152e-05
3.2415420135882024e-05
3.08850782024893e-05
3.165647551935759e-05
3.2983193542316186e-05
3.560638147727501e-05
3.0414051044755313e-05
3.127669913779914e-05
2.9605425821285183e-05
3.2619748742917955e-05
3.27106078696078e-05
3.272072400049286e-05
3.063267142249679e-05
3.183064291044356e-05
3.05701876919832e-05
3.262111353357125e-05
3.291684627136808e-05
3.024588924194879e-05
3.0544107639004105e-05
3.0319516442833165e-05
2.9155398053646937e-05
3.082130549973464e-05
3.0500580703174236e-05
3.454707090716883e-05
3.154533206497236e-05
3.260258588294738e-05
3.194115440651622e-05
3.189635934850865e-05
3.0199115027216322e-05
3.0790819982372985e-05
3.054498026154237e-05
3.088336210011496e-05
3.0482512997840185e-05
3.3715499596635795e-05
3.09654142666597e-05
2.9455766613486615e-05
3.1459104495539674e-05
3.0871388181197706e-05
3.0102671933698797e-05
3.0506264300134234e-05
3.049358325605666e-05
3.11915335592359e-05
2.9625752145272966e-05
3.1346311339123944e-05
3.010966778152174e-05
3.247599644099666e-05
3.0100278145032007e-05
3.0784048865062545e-05
3.0419738018003984e-05
3.099474929884888e-05
3.021871639687028e-05
3.0350334968877294e-05
3.464852808552647e-05
3.0397519550765962e-05
3.166099808764717e-05
2.9251293122203554e-05
2.923194153867802e-05
3.2842365935646695e-05
2.988544596317789e-05
2.9409536277395635e-05
3.175915171562439e-05
2.9895844103016563e-05
2.8440448077782823e-05
2.9678911751143645e-05
2.9392699495830785e-05
2.9856865620356075e-05
2.950356970776631e-05
2.9723064129641288e-05
2.8454697674496563e-05
2.9750169448946402e-05
3.0394956059168673e-05
2.9341723993330567e-05
3.034536382805973e-05
2.9371254080231844e-05
3.088603463991296e-05
2.9277457404699987e-05
3.018535712475253e-05
2.981261592181836e-05
2.9447932379877174e-05
3.091519072880266e-05
2.96001017102188e-05
2.9450398196035584e-05
2.920790662813572e-05
3.0378563407646718e-05
2.8299760616709697e-05
2.904145150963514e-05
3.02437702357932e-05
3.132054534022426e-05
2.9341943866726035e-05
2.940449690000706e-05
2.835979179928702e-05
2.9093971456885754e-05
3.138472171679091e-05
3.0167401666208463e-05
3.015609335002421e-05
2.920205611220254e-05
2.8964696562313694e-05
3.005829411389104e-05
3.089470951016802e-05
3.0019784935355634e-05
2.9579393036347465e-05
2.9199811531801695e-05
2.784008264602281e-05
2.9143323438400942e-05
3.194250130876287e-05
3.0294754504797333e-05
2.8515679726582905e-05
2.972061786041728e-05
2.9300104009034577e-05
3.043282735607805e-05
2.9451505914884906e-05
2.8559318079938872e-05
2.8997744386609953e-05
2.851646071546202e-05
2.987738480742997e-05
2.8510165951019677e-05
2.9084110206178694e-05
2.897630424275999e-05
2.988347462522675e-05
2.8616879240805232e-05
2.9214420792108455e-05
2.7740793992721237e-05
2.969401661508723e-05
2.8240042718181034e-05
2.806448862018199e-05
2.9427529645145814e-05
2.9084347138716916e-05
2.931031923695374e-05
3.008879526880022e-05
2.736524733083512e-05
2.8473162123365863e-05
3.1373600577311853e-05
2.7583512428235532e-05
3.059470683340049e-05
2.7867696304088677e-05
2.9076386560831468e-05
2.88611785447386e-05
3.0481732423593016e-05
2.945746618981641e-05
3.007522033748907e-05
2.850837959814775e-05
2.8454762120146958e-05
2.938639560948572e-05
2.856573267301242e-05
2.951623914214951e-05
2.7606121952627887e-05
2.815805949900492e-05
2.8246386764591328e-05
2.8832515216295267e-05
2.8053098858437723e-05
3.0065772415594936e-05
2.8860945047722178e-05
2.815077607431371e-05
2.8690965202316745e-05
3.086369912800106e-05
2.98598443362266e-05
2.98254923167737e-05
2.8422699046712687e-05
2.760272617625696e-05
2.861672523465539e-05
2.7816230884332553e-05
2.8206538857981833e-05
3.0928881283192465e-05
3.0379116526657198e-05
2.8317327209725403e-05
2.8449021007813305e-05
2.8072273216424672e-05
2.8037874698961143e-05
2.686670815909416e-05
2.8693617306683328e-05
2.7372209297305095e-05
2.9516626230683832e-05
2.7860436868816965e-05
2.7764113189298704e-05
2.893636565022149e-05
2.81594124430313e-05
2.911258760181265e-05
2.7844755784940426e-05
2.8049654451663322e-05
2.9248219396385203e-05
2.7682142823712787e-05
2.7529468827064746e-05
2.6580019965545144e-05
2.7213429904545883e-05
2.7594357245141886e-05
2.782967414038559e-05
2.812301611040549e-05
2.73319880442485e-05
2.852056930337419e-05
2.838881390282635e-05
2.8180913063911643e-05
3.088783532720345e-05
2.9448256266656922e-05
2.737846858109984e-05
2.9231621087420072e-05
2.8728631848746234e-05
2.985668744708733e-05
2.824361412079592e-05
2.7541739681685524e-05
2.6682721039728453e-05
2.6909557230932176e-05
2.6790106092493005e-05
2.8768260888923542e-05
2.7627610430715647e-05
2.7291747895821977e-05
2.636646650859981e-05
2.7038012575854526e-05
2.6911080647919807e-05
2.699035288499359e-05
2.6271047259813077e-05
2.920945735159838e-05
2.9369296543601055e-05
2.774352653568455e-05
2.6970413886472665e-05
2.918494004640826e-05
2.8800479153170353e-05
2.8115444990379744e-05
2.66177254689109e-05
2.6602019536734417e-05
2.9385434433411287e-05
2.896994017555022e-05
2.7828021417465222e-05
2.788797322764224e-05
2.8439838035730037e-05
2.806738837828415e-05
2.833363539479748e-05
2.608731928541105e-05
2.9269696975576205e-05
2.787377699998274e-05
2.791358705661925e-05
2.9619333998211343e-05
2.7907320250216417e-05
2.6910702858987613e-05
2.7122410433760795e-05
2.8391847290880072e-05
2.679392645197243e-05
2.6948270349149856e-05
2.8841429033015116e-05
2.681934670706571e-05
2.802514034506247e-05
2.7066429375991835e-05
2.8548425876524874e-05
2.7655891527741692e-05
2.8744381346893182e-05
2.7013359863718814e-05
2.883000325752504e-05
2.6978972245152044e-05
2.930702605237186e-05
2.7776742878248618e-05
2.68782178679359e-05
2.754816061270447e-05
2.6805259823772596e-05
2.77264830304801e-05
2.7293489942309255e-05
2.6908203813040718e-05
2.6565518628009547e-05
2.7679708341882556e-05
2.7550324221410376e-05
2.854463910223274e-05
2.885372908957123e-05
2.822561204577496e-05
2.779356094214295e-05
2.6135754811868394e-05
2.5998085160534597e-05
2.860824903233364e-05
2.7038883480631895e-05
2.7008972761607962e-05
2.716753731578814e-05
2.647876601607216e-05
2.654904056230756e-05
2.904952723673416e-05
2.7983366473082904e-05
2.79059446198995e-05
2.8308007053702505e-05
2.7243122645634652e-05
2.8265928960343865e-05
2.7247569217812596e-05
2.671097109859199e-05
2.692274536987468e-05
2.6986096747343242e-05
2.7290973718753337e-05
2.6604103269558376e-05
2.7329267644077767e-05
2.76991120505665e-05
2.8506592949110155e-05
2.6668850416609602e-05
2.8277718901145188e-05
2.7092739668164948e-05
2.7748811552882126e-05
2.8132251326113432e-05
2.6771425087283768e-05
2.5702929353468336e-05
2.84797021722184e-05
2.8142716695559825e-05
2.7685297758158614e-05
2.759262728221406e-05
2.776252787368546e-05
2.7124447698190694e-05
2.6201485169720106e-05
2.6908228335558425e-05
2.595052077578716e-05
2.7896705613270946e-05
2.839969698433763e-05
2.7497331179114068e-05
2.698723408275984e-05
2.7117187670587636e-05
2.612140931670981e-05
2.824966709558301e-05
3.2328752523492724e-05
2.6927387766795465e-05
2.7056066361401952e-05
2.6308973288138783e-05
2.7083350090908352e-05
2.6129248940534494e-05
2.613708660966574e-05
2.714095934907997e-05
3.0734637117314595e-05
2.717807145490375e-05
2.589494179253556e-05
2.7621550703351223e-05
2.863726189550398e-05
2.7430726480963182e-05
2.6045889084078175e-05
2.796090064827498e-05
2.5712974819223868e-05
2.7683302253088574e-05
2.8354235553566314e-05
2.6887257791999216e-05
2.6679230134943427e-05
2.9507610651438816e-05
2.6815870018232977e-05
2.6148415835146486e-05
2.7729570676085074e-05
2.6666743257080924e-05
2.690914289515596e-05
2.7627327710964415e-05
2.7002922215379393e-05
2.649497853963193e-05
2.6343653340690852e-05
2.761317981754271e-05
2.6095725888799698e-05
2.8927120779512615e-05
2.899330130918695e-05
2.8915958650704446e-05
2.6387561086342776e-05
2.6950484661418943e-05
2.6108530907827898e-05
2.7984322969739706e-05
2.617343804357556e-05
2.6776705543529984e-05
2.7129652928356026e-05
2.6054960875567882e-05
2.5974200376371825e-05
2.7388427151846974e-05
2.536798404366326e-05
2.651926507252982e-05
2.684938104564146e-05
2.9194497312668783e-05
2.6709693439879626e-05
2.724020689458616e-05
2.6437000377498296e-05
2.8333154480978026e-05
2.8139975089926926e-05
2.6091835456522094e-05
2.579807944689165e-05
2.741511090893346e-05
2.7650575235449068e-05
2.6398338969807085e-05
2.666921837284146e-05
2.825628707955063e-05
2.7419966308206106e-05
2.594520839288142e-05
2.5832930801668854e-05
2.6391683179409625e-05
2.57070149589243e-05
2.6932088093721844e-05
2.699911761191376e-05
2.7888017119394946e-05
2.9797991793994828e-05
2.6898593888523577e-05
2.756260881811837e-05
2.716330179126862e-05
2.763779284347827e-05
2.6434659484020665e-05
2.702792096748718e-05
2.6315108478516634e-05
2.6020184509939027e-05
2.7188222947970135e-05
2.696656870830986e-05
2.6115064500268767e-05
2.6317860864580022e-05
2.7074676583015394e-05
2.625100732803087e-05
2.7050075699872416e-05
3.121348186414721e-05
2.724964604997638e-05
2.5498867473237305e-05
2.7742701714285866e-05
2.6855232094672846e-05
2.5313172958768035e-05
2.7016081685484772e-05
2.7057156428777177e-05
2.7013015423041374e-05
2.586016364991267e-05
2.660206138494398e-05
2.6409274828041253e-05
2.633233465870805e-05
2.588724030038066e-05
2.7163516155982573e-05
2.7370864290518742e-05
2.530452480265667e-05
2.5936754166052586e-05
2.6894271765161333e-05
2.6589681896754427e-05
2.7521473716261855e-05
2.5984509873824636e-05
2.5693598890880027e-05
2.6493618132230594e-05
2.908506924986028e-05
2.701654779102059e-05
2.578884624511028e-05
2.6827080125880136e-05
2.71680053760174e-05
2.7379200051078466e-05
2.6306587969810235e-05
2.6132866781926873e-05
2.520863867830337e-05
2.543982749793363e-05
2.7189667229490002e-05
2.681724535238422e-05
2.6172334293346253e-05
2.746843707837851e-05
2.6547862415261253e-05
2.731009429305411e-05
2.626089511518221e-05
2.7274495119953144e-05
2.6304392315978533e-05
2.6827453176161567e-05
2.718699800674753e-05
2.6853547978191166e-05
2.6236304242438975e-05
2.7457680815008317e-05
2.704005025491637e-05
2.636035027282502e-05
2.8316201839401985e-05
2.6543213976560747e-05
2.6832093677622046e-05
2.7003984680113915e-05
2.617063246615734e-05
2.782359776851035e-05
2.6750148604584584e-05
2.5739161017980086e-05
2.5559483938417172e-05
2.529394298086774e-05
2.5986879495372528e-05
2.7347343405118118e-05
2.593828018929814e-05
2.5876240114962365e-05
2.5634292544170257e-05
2.591353288184654e-05
2.6411786194480132e-05
2.6104982013804142e-05
2.620182564177753e-05
2.6978831270291803e-05
2.524905842159386e-05
2.5858080065171546e-05
2.6387483727869047e-05
2.5906503330370037e-05
2.74281052370597e-05
2.609808786927323e-05
2.773183101249971e-05
2.6295273019514912e-05
2.6301762424037405e-05
2.5898856214232657e-05
2.5975944999500457e-05
2.7636072772483915e-05
2.988741120011617e-05
2.6625116757140136e-05
2.58977741433306e-05
2.6613365317876275e-05
2.6785293044911567e-05
2.6843827110013e-05
2.6095806978960905e-05
2.7273490585224216e-05
2.5318055190650634e-05
2.582482018625358e-05
2.649227958185591e-05
2.6426438931907657e-05
2.6889759266504628e-05
2.571356996414331e-05
2.4884522192458316e-05
2.619325608803572e-05
2.5318332816352298e-05
2.573478866491974e-05
2.6487334503617546e-05
2.4752190868143193e-05
2.5813524309027586e-05
2.6651780552660273e-05
2.7388795759643315e-05
2.7473136042942796e-05
2.5040425046504108e-05
2.6213475318516224e-05
2.6578841344633758e-05
2.60520861138485e-05
2.5309906488329842e-05
2.7864561271976063e-05
2.6871271005915236e-05
2.5665020561984785e-05
2.8265438806155418e-05
2.5997349781169088e-05
2.583981126334568e-05
2.5159254237030446e-05
2.729106410851667e-05
2.6008678414318492e-05
2.604609278682791e-05
2.8155189120537495e-05
2.6673412434166795e-05
2.608134929624547e-05
2.8095478389218116e-05
2.53814098259416e-05
2.5892220563100948e-05
2.5588212423308513e-05
2.687191315232695e-05
2.6507726694850957e-05
2.564532376775106e-05
2.6857299864167043e-05
2.7485149055728852e-05
2.624539226380755e-05
2.5452583175760747e-05
2.6552411164596306e-05
2.5550841113287917e-05
2.736562275044193e-05
2.5484462567244764e-05
2.5793295008914204e-05
2.592188475381886e-05
2.585760460080047e-05
2.8515749325516008e-05
2.581263889213225e-05
2.6865905846286606e-05
2.489225324194736e-05
2.5813962101125085e-05
2.48989371088506e-05
2.6185784538909163e-05
2.582484281331098e-05
2.5409085619565616e-05
2.5292282735339286e-05
2.7377045860440952e-05
2.6946929844081732e-05
2.50123346209382e-05
2.59771636620108e-05
2.574785217734714e-05
2.5385339825953085e-05
2.662558789749239e-05
2.8311667246786093e-05
2.7710142504116557e-05
2.5558031305025333e-05
2.486627116057282e-05
2.5672081743955142e-05
2.600303556975507e-05
2.5629889922978155e-05
2.4745880584619597e-05
2.5766479872735275e-05
2.5886543126386943e-05
2.563809726610216e-05
2.4947654407329023e-05
2.5755681139207604e-05
2.5355151421994355e-05
2.598001253885038e-05
2.628412931221159e-05
2.5617617469062743e-05
2.6013560527734823e-05
2.8744265723814532e-05
2.6923471153472387e-05
2.5763441686797655e-05
2.7444392453602145e-05
2.556842701630549e-05
2.5750176722479633e-05
2.6321695025379796e-05
2.761835981439272e-05
2.5042770264000564e-05
2.706831133114293e-05
2.5731782938739857e-05
2.500586541491459e-05
2.5433045896358378e-05
2.670967709153449e-05
2.715713805051991e-05
2.736417929818595e-05
2.4528098118799543e-05
2.738602743986673e-05
2.535608339613345e-05
2.670003731351753e-05
2.4742756510636874e-05
2.908269832518343e-05
2.6158416579885427e-05
2.467627572820348e-05
2.6063416642458213e-05
2.5619627308551343e-05
2.6489693759366893e-05
2.6769458902615334e-05
2.591909682787474e-05
2.663159070181451e-05
2.624857699252006e-05
2.5019144713651177e-05
2.5319454454988238e-05
2.444700872762387e-05
2.686894148519944e-05
2.5539554535664045e-05
2.4552132111228256e-05
2.557320227314708e-05
2.7322802643606714e-05
2.6496858303157048e-05
2.526587216146937e-05
2.5457016953581626e-05
2.5195063924691622e-05
2.5005751213431167e-05
2.521576175889934e-05
2.465820920753212e-05
2.5252779684039176e-05
2.5720827000473078e-05
2.6666767601899227e-05
2.7057322814652144e-05
2.596196639437731e-05
2.5932093939958302e-05
2.4602050094960687e-05
2.5620794260535223e-05
2.5907132504725285e-05
2.579674966302088e-05
2.6469490877231522e-05
2.6257332834470047e-05
2.4907342882975363e-05
2.479870333165406e-05
2.52570896053757e-05
2.62073220027992e-05
2.482903815992141e-05
2.6368938366537944e-05
2.748343058402913e-05
2.6386119470313967e-05
2.4708483212019796e-05
2.5578832619519116e-05
2.6384619687347023e-05
2.5652768543500797e-05
2.563322362302407e-05
2.406705340276592e-05
2.4239213738320614e-05
2.7175722979584898e-05
2.6880058004494e-05
2.5717612181328214e-05
2.711893137560268e-05
2.5831230040676365e-05
2.4175094166330002e-05
2.5987228200835656e-05
2.5747260201400393e-05
2.5110167027626724e-05
2.717076469235753e-05
2.5390952935482963e-05
2.6683229437722343e-05
2.511873717369988e-05
2.6031558041804425e-05
2.5028205369311585e-05
2.4565328750125568e-05
2.3848903513812218e-05
2.6170877809800666e-05
2.7053197582229163e-05
2.523681208949079e-05
2.5028431402953052e-05
2.4284663914796363e-05
2.5238229834566375e-05
2.4857053477872703e-05
2.731734525798758e-05
2.640280129799882e-05
2.4658883162137094e-05
2.5276926308273246e-05
2.689748184565543e-05
2.628919682533908e-05
2.508374360016661e-05
2.848795340709511e-05
2.4847788823296882e-05
2.60908421168556e-05
2.5453246705334037e-05
2.414944793682839e-05
2.6585448326928344e-05
2.5297809779124657e-05
2.923869530068003e-05
2.6510775957384737e-05
2.5382572868538595e-05
2.577228797774411e-05
2.6509072057036112e-05
2.475185951798849e-05
2.618639357399866e-05
2.7593924369394554e-05
2.5710642040685668e-05
2.541866693447877e-05
2.7480777946564333e-05
2.5248088419782383e-05
2.4824972160632985e-05
2.6176627807104502e-05
2.4969219236927225e-05
2.4935105453141507e-05
2.5394277098994213e-05
2.553143947776368e-05
2.565009470057383e-05
2.397962541462833e-05
2.5047164177921887e-05
2.4364368672218668e-05
2.5664005661457313e-05
2.6028718227634432e-05
2.6246855203764802e-05
2.6953103654463313e-05
2.61772044416694e-05
2.6076545252100488e-05
2.5099736783429123e-05
2.578899118859054e-05
2.4208653883375088e-05
2.5393291430018646e-05
2.679294270807373e-05
2.561609973845603e-05
2.494609636857424e-05
2.6363488029661823e-05
2.655995408965e-05
2.5289230748081315e-05
2.6318167396051347e-05
2.4628725855574006e-05
2.470247928226812e-05
2.4629839616203055e-05
2.6841344293944977e-05
2.4827316845031228e-05
2.435835331047202e-05
2.7375790651086585e-05
2.558593342845649e-05
2.4852584100937955e-05
2.5216411961017352e-05
2.586268372362233e-05
2.5642149345603964e-05
2.5357168902557313e-05
2.4319383949714255e-05
2.451243338326814e-05
2.7523159372805033e-05
2.5656639961942207e-05
2.415450573572181e-05
2.5262538994521666e-05
2.4924482286624656e-05
2.624659890199158e-05
2.794282938895286e-05
2.6540720439295365e-05
2.665856748521764e-05
2.553817292280054e-05
2.6607290189896863e-05
2.7166117852951655e-05
2.5203310420917567e-05
2.464184960809925e-05
2.6121785150948566e-05
2.5853792711659286e-05
2.555974835512983e-05
2.583737322752738e-05
2.535760847164885e-05
2.5070360643444554e-05
2.5882963371900083e-05
2.439809640404992e-05
2.3658108256426975e-05
2.6086441154191262e-05
2.7037544397159e-05
2.4956602520033777e-05
2.397922541327068e-05
2.6964451893780254e-05
2.540042028584523e-05
2.513970309707459e-05
2.5013137348377696e-05
2.4568061885420226e-05
2.5578390740335332e-05
2.4158024183914404e-05
2.6862312942043875e-05
2.5412220088963456e-05
2.443391909338413e-05
2.5089493479004177e-05
2.6210041988337986e-05
2.581008778026008e-05
2.502735116827816e-05
2.6640738844814657e-05
2.5326287589390556e-05
2.7677857484127102e-05
2.5361166546808462e-05
2.5330931644839108e-05
2.439015078253095e-05
2.5648028530374266e-05
2.4882642547399467e-05
2.5861797003598035e-05
2.5748570142171086e-05
2.7663050977482275e-05
2.5054703726686913e-05
2.4921643242485414e-05
2.5656511899905297e-05
2.5638295460170382e-05
2.5349851892678813e-05
2.554272321219709e-05
2.389914091222274e-05
2.443348195285111e-05
2.4925878767004937e-05
2.475981038163987e-05
2.459534371946632e-05
2.607428002895225e-05
2.419681081045207e-05
2.4162253785120472e-05
2.5248448261074807e-05
2.670078767886608e-05
2.567812079895561e-05
2.5219056720475254e-05
2.52446125009804e-05
2.5459759388478408e-05
2.5958564694692924e-05
2.4702549651231974e-05
2.4907176852499205e-05
2.5849059332643825e-05
2.7106488330259748e-05
2.5794470194303784e-05
2.4983701323694094e-05
2.5050488637598814e-05
2.567805910764597e-05
2.4842183651007034e-05
2.4132246930719157e-05
2.41435338045087e-05
2.4907632473770203e-05
2.5404237565201658e-05
2.77439344150491e-05
2.5453044661112067e-05
2.5370512291545488e-05
2.4923564291505316e-05
2.4310497557935705e-05
2.4955822301185413e-05
2.4702709343762736e-05
2.577433560797256e-05
2.566633778843103e-05
2.522652838806808e-05
2.5031796259627744e-05
2.4937301758537688e-05
2.490733358337324e-05
2.6342462754686288e-05
2.5382612258573073e-05
2.554566585508867e-05
2.5237007321902286e-05
2.5190418092249035e-05
2.47277313744924e-05
2.4638747035744367e-05
2.57818517004163e-05
2.58372448693248e-05
2.5030612663133055e-05
2.4615248955100547e-05
2.5917971161385647e-05
2.4074308691718214e-05
2.6257793490557483e-05
2.5528486706006088e-05
2.5647141751116836e-05
2.4283538070607866e-05
2.483100665468209e-05
2.631306256604909e-05
2.5374569465096865e-05
2.649547254397412e-05
2.5225653336971292e-05
2.5161552719583737e-05
2.5284561044685503e-05
2.5826681587506985e-05
2.6007833275954656e-05
2.5973132373339226e-05
2.560605184414198e-05
2.434802915281841e-05
2.5380790306587284e-05
2.4849265149942542e-05
2.5918627168350848e-05
2.5725865903996575e-05
2.465615606862216e-05
2.5170287770703498e-05
2.6601766285467624e-05
2.429520605038514e-05
2.4092887579003478e-05
2.562616475114596e-05
2.5656854208189893e-05
2.3893571516746163e-05
2.401581129192707e-05
2.430899125932396e-05
2.7083703831187916e-05
2.7471651542124565e-05
2.822714778325458e-05
2.8580302780217237e-05
2.7036028265846918e-05
2.5581495267383655e-05
2.53706616182777e-05
2.389812216154152e-05
2.4807938369662604e-05
2.4085206344580593e-05
2.4902734604340082e-05
2.559732662572256e-05
2.3779435130538115e-05
2.4156742408499193e-05
2.4972675371862267e-05
2.5196615892050112e-05
2.4801256635152208e-05
2.4577691001472965e-05
2.5854160371725472e-05
2.6499254935014296e-05
2.4694307775190524e-05
2.3334671589267214e-05
2.4652643543743022e-05
2.54224069145946e-05
2.507777059011117e-05
2.393182652590119e-05
2.5097307277182195e-05
2.5212569862977548e-05
2.5630516905707423e-05
2.5208076674322707e-05
2.5839009187470667e-05
2.5119512061566134e-05
2.58277325610134e-05
2.5002304792730194e-05
2.5034925249960634e-05
2.5052310589584603e-05
2.5949253068241403e-05
2.5521320622154435e-05
2.537264776451248e-05
2.4700451732072288e-05
2.4623772366230537e-05
2.432213704657526e-05
2.519768664942347e-05
2.6251485517126137e-05
2.5616903413625677e-05
2.5617450550089566e-05
2.439431824817887e-05
2.57718415968421e-05
2.536671079781942e-05
2.459538275410199e-05
2.437485915651411e-05
2.6138861708242097e-05
2.485208642414142e-05
2.597202110050183e-05
2.4549273549771178e-05
2.4614442792139247e-05
2.456456002250531e-05
2.5147167715924405e-05
2.47930182538657e-05
2.4966823375100723e-05
2.5331241019500892e-05
2.626469628312604e-05
2.521245755695443e-05
2.4578786518296568e-05
2.5736188284656152e-05
2.44989153749993e-05
2.4888723065594124e-05
2.4903739909099758e-05
2.733951391015944e-05
2.531696950652737e-05
2.4516766820159085e-05
2.3899976632518183e-05
2.4231331970120693e-05
2.492599456778299e-05
2.5011807149874985e-05
2.4936447972136206e-05
2.4901198215295984e-05
2.4415677301867626e-05
2.4723057702476573e-05
2.521246993667955e-05
2.578119794431021e-05
2.5139814455367556e-05
2.5431716467886414e-05
2.4450473540213123e-05
2.3352191684272295e-05
2.5166894837523025e-05
2.3964775963960953e-05
2.4817942905322153e-05
2.5742642386230447e-05
2.361964877449146e-05
2.377049625820235e-05
2.3314233373888256e-05
2.6366142384887522e-05
2.462773950541739e-05
2.3967732941271094e-05
2.556674112282977e-05
2.6004562066865697e-05
2.5650445538429802e-05
2.6230550039582584e-05
2.4640954299270443e-05
2.4003824874818428e-05
2.556625244946969e-05
2.5179062626489678e-05
2.470062806911386e-05
2.619908350304642e-05
2.4829436088119353e-05
2.4660389756914512e-05
2.4223824851496837e-05
2.7048615721571896e-05
2.563447267213244e-05
2.5534145128883903e-05
2.9326776630291764e-05
2.5346382667221035e-05
2.498984533980899e-05
2.4671358193372683e-05
2.5920716261773484e-05
2.5823150937288672e-05
2.7024415254418512e-05
2.4299546476785958e-05
2.4144689798362684e-05
2.443661337174252e-05
2.53790496224621e-05
2.449733924052191e-05
2.4555140236350088e-05
2.453732569343313e-05
2.4005726850769004e-05
2.4792765861479357e-05
2.5594468034648912e-05
2.5773979320668205e-05
2.560743008071682e-05
2.4656804552979275e-05
2.4021565672482864e-05
2.3478167293249618e-05
2.4277405841886744e-05
2.447692359296722e-05
2.5478514494338974e-05
2.5013952011293805e-05
2.4375479682831714e-05
2.3957639496676575e-05
2.4371928034467203e-05
2.433165308657413e-05
2.4575814525386817e-05
2.4828739032591905e-05
2.4815791705957935e-05
2.6491678543239575e-05
2.6590637090282267e-05
2.4952217076450695e-05
2.4593232413618224e-05
2.3714001530690526e-05
2.5971244672574077e-05
2.597308084051216e-05
2.4815225526041288e-05
2.3427266542965208e-05
2.484218806387556e-05
2.519148215627819e-05
2.522914453792199e-05
2.4879126705464792e-05
2.4441851950162603e-05
2.4279534266110725e-05
2.3696473616911682e-05
2.4083921400192682e-05
2.530870879434913e-05
2.592967971586009e-05
2.4330613959694624e-05
2.5526670677333754e-05
2.5972310098965327e-05
2.7071367583186588e-05
2.5394548979081823e-05
2.439217051395302e-05
2.603088236943855e-05
2.420076000199915e-05
2.4958394736986022e-05
2.5621126143788134e-05
2.2344424366261042e-05
2.1248683286010404e-05
2.127784144805981e-05
2.127718401949938e-05
2.1070995788204075e-05
2.0704638140180946e-05
2.12562261222144e-05
2.1096842284933616e-05
2.097661889450268e-05
2.1075193166584942e-05
2.066627757758014e-05
2.0824525234490445e-05
2.089658551164986e-05
2.0828496105364774e-05
2.087121853676111e-05
2.0452711622443413e-05
2.0397638549394053e-05
2.063504033250784e-05
2.0677897696984692e-05
2.0785151844521876e-05
2.0654338931994516e-05
2.0370799305329362e-05
2.0924384628660026e-05
2.0752985231568398e-05
2.037365626749181e-05
2.0533867413962924e-05
2.0972542914431082e-05
2.069320028113142e-05
2.0506422392631133e-05
2.068468699886744e-05
2.0814720729126287e-05
2.0975279100232168e-05
2.0492532222577878e-05
2.0475240412073373e-05
2.0637798849200652e-05
2.032493520770934e-05
2.0991103054429258e-05
2.0470970354636404e-05
2.009315124315963e-05
2.0330183144964685e-05
2.0529592380942655e-05
2.0934750901072306e-05
2.0524720159459795e-05
2.0377451364039343e-05
2.0542835606700296e-05
2.0701219144421272e-05
2.0222307938011686e-05
2.05128910951731e-05
2.0396090284106477e-05
2.0643021345824707e-05
2.0113357797749343e-05
2.0128155982138766e-05
2.0308636648021627e-05
2.046955563045068e-05
2.0735600484275775e-05
2.0431277757305716e-05
2.1307834797306444e-05
2.051899421080859e-05
2.0950474780888562e-05
2.0445573318931868e-05
2.035767664861711e-05
2.0689079313494128e-05
2.061507059199008e-05
2.0187759738417138e-05
2.0476327428942167e-05
2.1072151485892384e-05
2.0553029925322963e-05
2.028077213763091e-05
2.0559427814652567e-05
2.0510565069212242e-05
2.0729832480099034e-05
2.0696685025670455e-05
2.061076511313865e-05
2.0745835140663075e-05
2.0880353352305982e-05
2.071242087057989e-05
2.0286631864316514e-05
2.0938973186986254e-05
2.024167338209071e-05
2.1054672913314624e-05
2.0063631137041525e-05
2.023223769183886e-05
2.0156567569760235e-05
2.0580680841030468e-05
1.999265731403613e-05
2.033598363851573e-05
2.0293100833407586e-05
2.032810459504e-05
2.0395720432414314e-05
2.019167759563604e-05
2.03021116147687e-05
1.979009903730922e-05
2.036791151232038e-05
2.0532284260359093e-05
2.032043929433031e-05
2.030238109591436e-05
2.1046836517695775e-05
2.0285436095412677e-05
2.0649201375685416e-05
2.0444880320874136e-05
2.055791283838661e-05
2.001971788270809e-05
2.135567073635925e-05
2.0766289793236873e-05
2.0690863889372015e-05
2.075373109519872e-05
2.061324132471217e-05
2.0435645904813508e-05
2.069215674138339e-05
2.0418341833050147e-05
2.045024630976665e-05
2.037866001614995e-05
2.05208299937313e-05
2.0436690036892882e-05
2.0667402770204155e-05
2.016003552170562e-05
2.0375863619867586e-05
2.0548253335735843e-05
2.0228966690065873e-05
2.0422885666035033e-05
2.096184603227828e-05
1.9686279523079234e-05
2.081095131014258e-05
2.069566808159984e-05
2.0250707649389676e-05
2.061228319914417e-05
2.076868805400532e-05
2.026437228928311e-05
2.0172404881029165e-05
2.0321646287913148e-05
2.0541315506768198e-05
2.0391649724091692e-05
2.0147407876298846e-05
2.0412836675907996e-05
2.0350906627119662e-05
2.0834323757308012e-05
2.0405042720830056e-05
1.9998885470818664e-05
1.9966586146027214e-05
2.0501885815705234e-05
2.0720950145790203e-05
2.0239699378648514e-05
2.0330487307110625e-05
2.0113043565970525e-05
2.0046728547464183e-05
2.0076535549269508e-05
2.0063149838206696e-05
2.0337448444316717e-05
2.0005641217130685e-05
2.0048410176154213e-05
2.0425781781299418e-05
2.0334594384577865e-05
2.0491884863650323e-05
2.0461895305324296e-05
2.0278416287786806e-05
2.021244017165982e-05
2.0507670997490994e-05
2.0198782995141342e-05
1.9931601812862937e-05
2.0285865920653577e-05
2.055296183683479e-05
2.009357511547051e-05
2.0192018304626003e-05
2.0105402995094514e-05
2.0363832985223995e-05
2.0658674471661736e-05
1.990866010905199e-05
2.030918730885702e-05
2.0599555479356564e-05
2.0475568149006868e-05
1.996430350833742e-05
2.0539668796010988e-05
2.0416285673250323e-05
2.0273687647422108e-05
1.9991495426485256e-05
2.022544841957268e-05
2.0092709541675252e-05
1.9502134991658443e-05
2.015288593428194e-05
1.9985281456038447e-05
2.0767644662340125e-05
1.9954076641107315e-05
1.9772648689320074e-05
2.0146751040069762e-05
2.0103479280583558e-05
2.0386624384956005e-05
2.0093520857919257e-05
2.0180888931741242e-05
2.0337601325037007e-05
2.0027724810521325e-05
2.0261292492068466e-05
2.0439810083022457e-05
2.0246378269968448e-05
2.0512839769662008e-05
2.0276217494598974e-05
2.0450708950164093e-05
2.0044559607776168e-05
1.988248418724462e-05
2.0078217237192675e-05
2.0235032340743756e-05
2.035636765557657e-05
1.9896787686110802e-05
2.033130040034867e-05
2.0059607755993415e-05
2.0084745084019493e-05
1.9976171429560383e-05
2.0590775766453352e-05
2.0036019315202825e-05
2.0290942022585575e-05
2.0507436789676963e-05
1.9996459755492347e-05
1.996559890737358e-05
1.985893937165763e-05
1.977934150042663e-05
1.973922855515657e-05
1.9717230997893873e-05
2.0492932816266877e-05
2.004712526138287e-05
1.9907220951198267e-05
2.0807970758044885e-05
2.0268894768722988e-05
2.0302180236355083e-05
2.0414729026474207e-05
2.0203023258311627e-05
2.0566720361246496e-05
1.9962508092795908e-05
2.0005970494125678e-05
2.0065823888449636e-05
2.0037961480835197e-05
2.0386097535840703e-05
2.009627993732685e-05
1.9973160224315556e-05
1.9588580657492564e-05
1.98991414627952e-05
1.9902842556358196e-05
2.0271413243138015e-05
1.9881664134113266e-05
2.0032184325139168e-05
2.0112040600919667e-05
1.9859015012370457e-05
2.0061928984070374e-05
1.9872681044242555e-05
2.0356851619902452e-05
2.0125126444238792e-05
2.0305930167637517e-05
2.061969584091841e-05
2.0224079245667433e-05
1.9645536278024367e-05
2.003016847348741e-05
1.9911084580482483e-05
2.0147103684536338e-05
1.977580711852084e-05
2.0274333584754437e-05
2.02527024436621e-05
2.015906377251667e-05
1.9800406431985754e-05
2.0063511693425696e-05
1.9490664258219242e-05
1.9866970614672602e-05
2.0079977794034497e-05
2.007337433611142e-05
1.973320410112377e-05
1.9971524264372267e-05
1.9911654195920935e-05
2.0361996491503673e-05
2.008167067702009e-05
2.0041158974288205e-05
1.9981287010376563e-05
2.0085851410890153e-05
1.928068276660357e-05
1.9746933778998945e-05
1.9744893937927692e-05
2.0252700933217167e-05
1.9560957522125166e-05
2.017793858854217e-05
2.0367920693456235e-05
2.0402841469467136e-05
1.959354931051848e-05
2.0076625998265976e-05
2.014100281975996e-05
2.0306696762864936e-05
2.0570704085711024e-05
1.9820559321355555e-05
1.9710231655315992e-05
1.9811009311154014e-05
2.0044594614558688e-05
1.9898186269267356e-05
2.028715803225077e-05
2.0214902789228967e-05
2.020712977306409e-05
2.038927782206812e-05
1.970769588482567e-05
1.9703151755675115e-05
1.951746112097616e-05
1.984138107128076e-05
1.9986726152190252e-05
1.963761097347055e-05
2.0095460891158785e-05
1.9985588787157087e-05
1.989295847127776e-05
1.9958261817462463e-05
2.0037661376158973e-05
1.9695397516413894e-05
2.005497569525461e-05
2.0056048762720216e-05
2.0057223444628154e-05
1.977417272825562e-05
1.986919274571545e-05
2.0189285050865076e-05
1.995487753231964e-05
1.9721780902275047e-05
2.0580959710627957e-05
2.0431910604115307e-05
1.962631480007888e-05
1.996426595453011e-05
1.9953019951603412e-05
2.040348530402319e-05
2.025526726800492e-05
2.0022919404014244e-05
1.9796615659457037e-05
1.9642260537600614e-05
1.9860530669817462e-05
1.9813503825766116e-05
2.0444760788408603e-05
1.990023111553848e-05
1.973048109469512e-05
1.9893743665709427e-05
2.0157112188815902e-05
1.9886691812957766e-05
1.9921829589557112e-05
1.9924536336490324e-05
1.979312173378215e-05
1.9520738904943057e-05
2.0177845918303158e-05
1.987504912572895e-05
1.9915402675991575e-05
2.009989603134176e-05
1.956670722326333e-05
1.9637278527502855e-05
1.991342094262532e-05
1.9272794660458257e-05
2.0043481061245615e-05
1.9182046122030623e-05
1.9423813801793084e-05
2.024216969652515e-05
1.985230339474368e-05
1.9782645524672136e-05
2.0024004643889e-05
2.0130998432183246e-05
1.9245960391976865e-05
1.942753980288916e-05
1.9895628434434416e-05
1.9185725832432044e-05
1.974630718128505e-05
1.9759320404781213e-05
1.9984125521417594e-05
2.022572728917017e-05
2.0172219333235167e-05
2.002076627957315e-05
1.9863950583690724e-05
1.9572999766463127e-05
1.9662273547923163e-05
1.962820389282269e-05
2.0184390942739e-05
1.9820293423814536e-05
2.0473808095646688e-05
1.99406714719598e-05
1.97964908848591e-05
1.9746830506028847e-05
1.9355282871723024e-05
1.954342578780914e-05
1.9848111850826565e-05
2.002112508428572e-05
1.9884465505978933e-05
1.9898151795583046e-05
1.992299325410202e-05
1.9508169989189195e-05
1.9926971440268466e-05
1.969286755077076e-05
1.9866255789204785e-05
2.009049531825587e-05
1.9805786873763096e-05
1.930018361762819e-05
1.945666289892291e-05
2.0406253712649472e-05
1.9782138637123176e-05
1.9521701532229282e-05
1.9816557590018125e-05
1.944917929585347e-05
1.9997071900321412e-05
2.0132478490516384e-05
1.955575765255851e-05
1.981793908441536e-05
1.9548744449427145e-05
1.9573864037129426e-05
1.9394162908913882e-05
1.9824402900223725e-05
1.92840589071904e-05
1.9912537924671934e-05
1.936367685845401e-05
2.0099514036857014e-05
1.9789723203070465e-05
2.0815770517970015e-05
1.9938990435601116e-05
1.9671599775342352e-05
1.9647247493665105e-05
1.9187829822988022e-05
1.9514995067885213e-05
1.9747944385124165e-05
1.9605915530485892e-05
2.030021618407949e-05
1.9574015229705378e-05
2.019058782442649e-05
1.973573231938943e-05
1.9491468229554562e-05
2.0073566192234243e-05
1.9739601635054566e-05
1.9276722409610627e-05
1.9404061446879146e-05
1.9729300163691486e-05
1.9578086974607856e-05
1.9113632295867575e-05
1.9828704973169922e-05
1.9609228410085013e-05
1.9198851539650728e-05
1.956813610416821e-05
1.9855496208779058e-05
1.959533755885071e-05
1.9432642500498578e-05
1.9566122562608698e-05
1.9581251267888943e-05
1.96800951691997e-05
1.9604373810459682e-05
1.977893551652239e-05
1.9548104761190513e-05
2.0004695945152883e-05
1.9646739510303157e-05
2.013600191429228e-05
1.9843540800216352e-05
1.9386740345589603e-05
2.0191472323208238e-05
1.9888789909816854e-05
1.936283056504405e-05
2.0030989059716973e-05
1.9758417484494616e-05
1.948214682963584e-05
1.9571011665534908e-05
1.9654382539354253e-05
2.0030695500302115e-05
2.005603327325553e-05
1.9836041174584017e-05
1.9493279608425837e-05
1.9407268032618306e-05
1.9597495984657342e-05
2.014313953662278e-05
1.9091645045170294e-05
1.9225054086752082e-05
1.984937630054992e-05
1.9821154762440675e-05
1.9498415121191794e-05
1.984581712957732e-05
2.0001187803525698e-05
2.0017831188906228e-05
1.9737455559356488e-05
1.9563930403531937e-05
1.9773393279438003e-05
2.0218537719380665e-05
2.0473788963344226e-05
1.9553130070709632e-05
1.970314592121136e-05
1.9713380636831796e-05
1.9309006422636793e-05
1.940391810269352e-05
1.93372147813736e-05
1.9660899398434612e-05
2.0251685943839994e-05
1.9422708037637202e-05
1.991417163375611e-05
2.0221590980151028e-05
1.9413211959204676e-05
1.9164664129078756e-05
1.942050379500099e-05
1.88368318006202e-05
1.928080890356361e-05
1.9510838264201513e-05
1.933746154661216e-05
1.9147309709151023e-05
1.9311998969444236e-05
2.0186114330788888e-05
2.019837784050098e-05
1.9163501145714895e-05
1.9185250930775745e-05
1.9572483431229206e-05
1.934957460416248e-05
1.9289458481270203e-05
1.967100939869024e-05
1.935697193417144e-05
1.9512614221658322e-05
1.9891750618814473e-05
1.9605108390177872e-05
1.9797277204720323e-05
1.9737336026890955e-05
1.9579953440294265e-05
2.0193032227806755e-05
1.98432490474121e-05
1.9322908587399794e-05
1.9599671913855236e-05
1.9838833306080693e-05
1.9303299754370883e-05
1.9162495544789546e-05
1.9349176083633193e-05
1.9262728996203843e-05
1.9462881045305706e-05
1.9932994146923798e-05
1.9728826535547583e-05
1.914512323645518e-05
1.913771873923694e-05
1.982589290972347e-05
1.9157175787358553e-05
1.9145947702455056e-05
1.9322027287207313e-05
1.957408275547877e-05
1.9560035469536107e-05
1.971429999431323e-05
1.979126474539727e-05
1.9448118400797017e-05
2.018809120703811e-05
1.951795515493492e-05
1.9405912156551763e-05
1.994828210048629e-05
1.980971364556875e-05
2.0063833921677678e-05
1.990304996117884e-05
1.9825925310248068e-05
1.9535851261878162e-05
1.9394654425464422e-05
1.9603961784775715e-05
1.938828481995657e-05
1.9679128810225997e-05
1.955743036666179e-05
1.9848365220559626e-05
1.9317004169314174e-05
1.950470028986634e-05
1.938217557369165e-05
1.948366450100942e-05
1.9648725982320178e-05
1.9887266937077732e-05
1.9425235012007042e-05
1.9306920172404616e-05
1.91272188368731e-05
1.9948230626892363e-05
1.9902598160445017e-05
1.961756550339026e-05
1.9589898772435828e-05
1.9192108646928905e-05
1.9731796603380463e-05
1.9793879562505652e-05
1.9792042446837416e-05
1.9513523035641806e-05
1.904720494172155e-05
1.9165807269342543e-05
1.9387066394378764e-05
1.9279302723418134e-05
1.9428138916428624e-05
1.9479208806928753e-05
1.920705953433921e-05
1.9150002921312993e-05
1.999611235315818e-05
1.941667514288273e-05
1.914789167469803e-05
1.9400960473818897e-05
1.9181032524632108e-05
1.942198142477561e-05
1.9446922306110936e-05
1.9680655307336625e-05
1.957741968373052e-05
1.9178195109404068e-05
1.965429235690689e-05
1.919447732074664e-05
1.9522826547153895e-05
1.976704576788934e-05
1.9519907834448675e-05
1.9272925032587412e-05
1.9122855961114285e-05
1.955141373140275e-05
1.929847228352118e-05
1.9109244364492843e-05
1.957132583808059e-05
1.9398411050091063e-05
1.98604258271693e-05
1.960952392419331e-05
1.945630136948615e-05
1.9246839974408447e-05
1.9513940362691318e-05
1.9764517046142032e-05
1.975051936794956e-05
1.9748320900543966e-05
1.8888684220060942e-05
1.9064027566567243e-05
1.9168131725625335e-05
1.951436725589206e-05
1.8819176624451766e-05
1.9452673162295227e-05
1.9366660312975302e-05
1.9048597631181218e-05
1.9301954836434234e-05
1.9176353669717008e-05
1.9212018650830465e-05
2.0014397562562317e-05
1.940462353970951e-05
1.976020037222817e-05
1.895363557334355e-05
1.9539412239461365e-05
1.9305325053707603e-05
1.9384382985300564e-05
1.9661187212235416e-05
1.9370550567553502e-05
1.941422534928722e-05
1.9115497576891296e-05
1.9143300899454014e-05
1.895164148986874e-05
1.9277550755380818e-05
1.9327874604551223e-05
1.9525369573703197e-05
1.9081703000467697e-05
1.9797696012598196e-05
1.915409415391674e-05
1.95520300521678e-05
1.919430033214059e-05
1.9787761164721447e-05
1.9796448473934755e-05
1.9524304325011353e-05
1.9485626746674406e-05
1.936240574500302e-05
1.9474353200340137e-05
1.9189397279811196e-05
1.9704092081686182e-05
1.9271598358456206e-05
1.9007570155930186e-05
1.953048447333833e-05
1.9184233364757217e-05
1.935417396821101e-05
1.9735913424698336e-05
1.9228268994746646e-05
1.9290435857606937e-05
1.9673742030503255e-05
1.9690784528744414e-05
1.929237005638271e-05
1.891815353376617e-05
1.92598122974252e-05
1.9301488730898417e-05
1.9520479019565194e-05
1.9577506104873836e-05
1.9162284704447094e-05
1.9722622871666187e-05
1.9138843161830206e-05
1.9427554877721907e-05
1.9101784780459468e-05
1.886977981708473e-05
1.941970112679463e-05
1.9103823348018328e-05
1.8715069799902616e-05
1.930915417969094e-05
1.9394966347150992e-05
1.9225357834266083e-05
1.9314411712714084e-05
1.9182763761072328e-05
1.9386688931228807e-05
1.942131475584619e-05
1.920522973396309e-05
1.9491153286978132e-05
1.8920523421863166e-05
1.979904078245201e-05
1.9389402253039956e-05
1.946091693379698e-05
1.9149055398476075e-05
1.9310780840032105e-05
1.9425023697799515e-05
1.8931312707705876e-05
1.940678777036333e-05
1.923580718114958e-05
1.9806790194212763e-05
2.001781004267719e-05
1.9530916253272674e-05
1.9035227735365332e-05
1.900015627026012e-05
1.9404902350073862e-05
1.9011663195144538e-05
1.9115329029006917e-05
1.883749349396632e-05
1.9585705777306914e-05
1.9379348228096483e-05
1.9254571201596895e-05
1.9292495749094236e-05
1.941427942913907e-05
1.9229805531873584e-05
1.892489230978514e-05
1.8902660988956918e-05
1.9474651557638894e-05
1.8858413333962348e-05
1.9376931990071698e-05
1.906613839855026e-05
1.885863732406067e-05
1.8775240269195848e-05
1.9131885252829947e-05
1.9434701918120802e-05
1.898344775804815e-05
1.9296781592161566e-05
1.87979900872674e-05
1.888729280411367e-05
1.8645121539388913e-05
1.9260857199535324e-05
1.9115441246180333e-05
1.9426416831507692e-05
1.908779409177687e-05
1.8989695165599415e-05
1.8958051610840632e-05
1.8580549426250296e-05
1.9326136704383366e-05
1.8885765240806617e-05
1.9292110319087684e-05
1.9224916547413646e-05
2.0047185234931607e-05
1.9238594840544596e-05
1.9336721487829024e-05
1.9610123067349338e-05
1.8941385065304492e-05
1.9276983509267747e-05
1.9288948335898846e-05
1.936444443102815e-05
1.8897263547269957e-05
1.9052336900499434e-05
1.9141622054721307e-05
1.9185231354224776e-05
1.9319695693331806e-05
1.9063394038576606e-05
1.857296684461302e-05
1.9139778571491106e-05
1.9321538643463796e-05
1.9075899634109625e-05
1.9003087451540164e-05
1.8833362219763614e-05
1.9275533245201292e-05
1.929072553725148e-05
1.9168930928693324e-05
1.9457482507805754e-05
1.936251941338823e-05
1.9198463829168495e-05
1.918926252443008e-05
1.9242564171357424e-05
1.8965837510212273e-05
1.8915019804782513e-05
1.868653287496843e-05
1.9381282041856883e-05
1.93356863591861e-05
1.8515390786613313e-05
1.9173911280263314e-05
1.876558470554853e-05
1.922868718067661e-05
2.003779630923949e-05
1.9256112477374592e-05
1.897450524287461e-05
1.9152572247374038e-05
1.9288208543664815e-05
1.995480600830966e-05
1.9425965415789244e-05
1.8888484012066147e-05
1.915479260142285e-05
1.9105939955231966e-05
1.9789887693485125e-05
1.8870314840372605e-05
1.8605894247946725e-05
1.8528737907288966e-05
1.905945390969911e-05
1.8905286586495792e-05
1.9475949266767303e-05
1.9279863424269835e-05
1.952053170743838e-05
1.8882030058574685e-05
1.9136695249904957e-05
1.9238398601169813e-05
1.945477881137897e-05
1.9528206692765568e-05
1.9084368609988963e-05
1.858258645374766e-05
1.8549039856841878e-05
1.9175412958690564e-05
1.9435582211349996e-05
1.902897452296688e-05
1.883696181735055e-05
1.8761854913531842e-05
1.892503461739091e-05
1.8942136141450655e-05
1.8856067316818576e-05
1.91436491902852e-05
1.9243901744385388e-05
1.8639992779200295e-05
1.9054299886578604e-05
1.9421578757926904e-05
1.9001795369559538e-05
1.910876528690056e-05
1.9008453884681187e-05
1.877165367328195e-05
1.9289853092412614e-05
1.8664233406418904e-05
1.904972092834493e-05
1.900403346393215e-05
1.909282763470169e-05
1.903913715186256e-05
1.9216685688735223e-05
1.872579508434344e-05
1.8669982692925125e-05
1.8528763140604284e-05
1.878620100534653e-05
1.9056188001975694e-05
1.8899684287012968e-05
1.897746521145805e-05
1.9181976463864385e-05
1.9461533461878003e-05
1.8975658304688434e-05
1.9388976366802503e-05
1.9417789495843122e-05
1.900728521493641e-05
1.932719161689323e-05
1.8956481547759536e-05
1.9260850298875146e-05
