0.00042797808187210824
0.0001652106956701335
0.00011558256980755729
9.388078268062713e-05
8.315848058198819e-05
7.653205290728906e-05
7.609977635359149e-05
8.13456150364076e-05
6.506296877358392e-05
6.324598104808899e-05
6.406716270803518e-05
5.9567993802388826e-05
5.744396312223582e-05
5.446873393363421e-05
5.761574610173266e-05
5.4083323614012924e-05
5.1183786453783906e-05
5.984771901879049e-05
5.565806618010727e-05
4.613569104857019e-05
5.002058664209573e-05
4.801979272214481e-05
5.477282252250201e-05
4.7890570959021385e-05
4.18140759845858e-05
4.867591700527372e-05
4.547578340458061e-05
4.230957110474966e-05
4.315610105421156e-05
4.53400408123579e-05
4.4715782891048554e-05
3.9932104261568674e-05
4.386239107021157e-05
3.8518051344902986e-05
3.8274255828956e-05
4.050912296623456e-05
4.8859675029916744e-05
4.1761296038911364e-05
3.9081816429371775e-05
3.5955430693757e-05
3.866769206942027e-05
3.6388627305703704e-05
3.3841151006610384e-05
3.986176861264748e-05
3.3155072495735906e-05
3.4610509002830596e-05
3.465090653495597e-05
3.491914357703794e-05
3.703581967532589e-05
3.819345492504177e-05
3.3623326215680784e-05
3.107189507860337e-05
3.2920573812977185e-05
3.171676056465119e-05
3.545945188938505e-05
3.726433428891657e-05
3.0926477408999515e-05
3.51970242156756e-05
3.2286889059270494e-05
3.312167620137064e-05
3.378066137120971e-05
3.095638653497866e-05
3.1561380740402386e-05
3.0538251467470766e-05
3.223279347002138e-05
2.9726821630533903e-05
3.2944117053618515e-05
3.259708488381272e-05
2.7296013567017807e-05
2.9199029910602555e-05
3.218879765286749e-05
3.387253386207962e-05
3.061417113896869e-05
2.7195495365437593e-05
2.702017369808698e-05
3.0427239405439353e-05
3.289693611503801e-05
2.704039753468463e-05
2.8943219539011652e-05
2.741767840541876e-05
3.0080754444708844e-05
3.0724600509299506e-05
3.0121591418921793e-05
2.7904226197735746e-05
2.8876836779049818e-05
2.9374995423084008e-05
2.7375827197266974e-05
2.6418260300507203e-05
2.905753170751859e-05
2.787818306237336e-05
3.147308050804051e-05
2.6578104428914245e-05
2.873636481530423e-05
3.167558108083584e-05
2.7874837691095124e-05
2.7190081745426914e-05
2.693470084106693e-05
3.307493415648291e-05
2.53810272027689e-05
2.826756199654525e-05
3.0174693909663846e-05
3.299367689917139e-05
2.603328390938259e-05
2.5561125151629482e-05
2.600413227964991e-05
2.6443806353042745e-05
2.9678100399192533e-05
3.00200057446433e-05
2.4706441045871733e-05
2.738125731358591e-05
2.8198646616032497e-05
3.4285602502767215e-05
2.609961190397245e-05
2.4400398333674513e-05
2.398786780167293e-05
2.63205806644869e-05
2.7659181475502273e-05
2.6150627841453132e-05
2.5760763592710242e-05
2.816916541585025e-05
2.8460330696044565e-05
2.4453516535186335e-05
2.7492395298919154e-05
2.8540488184650902e-05
2.335821383121853e-05
2.7362743327490763e-05
2.303372745344235e-05
2.7406130930353936e-05
3.054030977098952e-05
2.4927348393580024e-05
2.5234123368452467e-05
2.5465933731003284e-05
2.6045578046191336e-05
2.6658282875094592e-05
2.8043117035540553e-05
2.5761017870036776e-05
2.5732799178420134e-05
2.32907263003017e-05
2.3236981609613186e-05
2.5176445397623847e-05
2.80061813567119e-05
2.4134552678251844e-05
2.3712975336623507e-05
2.6416542757656103e-05
2.502180850010578e-05
2.5283982652384218e-05
2.6125997222864664e-05
2.4837683377023514e-05
2.675185383356967e-05
2.4435626903974627e-05
2.3828922195903242e-05
2.5577772698276284e-05
2.408077804817189e-05
2.6372404950715065e-05
2.5762259094955792e-05
2.8417552567297995e-05
2.3001453752862868e-05
2.721879761621002e-05
2.3930666608242306e-05
2.1093117964957155e-05
2.2861860436148733e-05
2.962891475156825e-05
2.201034058317247e-05
2.4964203969715084e-05
2.4727198648461486e-05
2.5791625102588386e-05
2.575851753067129e-05
2.3981346987395125e-05
2.3143957726820073e-05
2.594756857293481e-05
2.3916475144018988e-05
2.301087270023237e-05
2.3791917019150593e-05
2.2849381356901157e-05
2.4166719441846543e-05
2.5785378752494118e-05
2.6845854970706748e-05
2.7882621680905175e-05
2.9805426198477633e-05
2.5955343025121892e-05
2.4702083723162722e-05
2.509325753867311e-05
2.337712428451734e-05
2.5472134371650416e-05
2.4898076317082714e-05
2.544260328236342e-05
2.201055515375164e-05
2.458837624143405e-05
2.7017348901682833e-05
3.363680561890737e-05
2.2702574855249876e-05
2.3825512277075634e-05
2.492180507820062e-05
2.7466072274711214e-05
2.2417015407441455e-05
2.2139678961707714e-05
2.1951149828251562e-05
2.5942871186167744e-05
2.3175137298267855e-05
2.7198365070928904e-05
2.1894740650296455e-05
2.9803416464951828e-05
2.738548662316428e-05
2.473079825260181e-05
2.3330519101184362e-05
2.4980383231672455e-05
2.586888457667487e-05
2.255785739686876e-05
2.152306699775668e-05
2.3386069952358348e-05
2.3447610282540907e-05
2.326854156695785e-05
2.3933016376183205e-05
2.1696526479423974e-05
2.418505232426642e-05
2.6757845165263355e-05
2.4685639408662192e-05
2.423988354807766e-05
2.3676388073757406e-05
2.023274595286296e-05
2.3395696741354687e-05
2.084012237786004e-05
2.3877718564742097e-05
2.2495630002117027e-05
2.8257123108966754e-05
2.499256276879079e-05
2.359961959827985e-05
2.063354572736676e-05
2.2319464696072872e-05
2.140301157950357e-05
2.7875960195952032e-05
2.8451142474668425e-05
2.7589573035131315e-05
2.4732792082678598e-05
2.5990135384417273e-05
2.3288109508560678e-05
2.8110888412638334e-05
2.3894123016869713e-05
2.3032461239506518e-05
2.2864390047939026e-05
2.0595254816787915e-05
2.0476264499796135e-05
2.566152297314172e-05
2.606624971383476e-05
2.4951476808519993e-05
4.1086978647338324e-05
2.4255545140171205e-05
2.412835638029862e-05
2.2176074605057838e-05
2.2950794850035887e-05
2.1466162070908015e-05
2.4482654232726954e-05
2.3721398161903847e-05
2.536412272575048e-05
2.547197575216169e-05
2.3165912060243135e-05
2.3901945305386442e-05
2.32784895078026e-05
2.5110835088782727e-05
2.514583170290656e-05
2.296184703567306e-05
3.303164781397733e-05
2.289101792036637e-05
2.2906184000710048e-05
2.4410218127995296e-05
2.2710730034227898e-05
1.962747963987117e-05
2.3817304289161125e-05
2.7339495990305115e-05
2.3515056728312644e-05
2.5076214043574475e-05
2.3672443136522563e-05
2.632006102336611e-05
2.4525639758455935e-05
2.3378419711592052e-05
2.8343091922381097e-05
2.3094625494749565e-05
2.3380841956574613e-05
2.3680285300645193e-05
2.3045804989129046e-05
2.565568329484073e-05
2.5828600680843652e-05
2.4812023124977538e-05
2.5429522865992263e-05
2.3233089133010034e-05
2.447296073224503e-05
2.4183983132276356e-05
2.2252624767532295e-05
2.4743917419734812e-05
2.2444181951771084e-05
2.2902609800588008e-05
2.465112346998583e-05
2.286322630972222e-05
2.2785755555425333e-05
2.282972036604116e-05
2.0917802189145202e-05
2.3720427718030363e-05
2.333089998360085e-05
2.4205591843586024e-05
2.2515407667674768e-05
2.6580792541621414e-05
2.0754777445041746e-05
2.258043435847274e-05
2.3017009875298238e-05
2.500969303624943e-05
2.665973175637193e-05
2.470637894386671e-05
2.223596806862103e-05
2.3225546733338855e-05
2.2019571505235118e-05
2.256910685641688e-05
2.3782612834507794e-05
2.571576920792283e-05
2.1076321299390894e-05
2.2168858811540046e-05
2.1691645699062838e-05
2.069104704096438e-05
2.3335045588865768e-05
2.3469751322159027e-05
2.4568098395359957e-05
2.0550484962614847e-05
2.4117096338213133e-05
2.310730951061372e-05
2.5874204243318045e-05
2.1230868334270188e-05
2.4658836820617852e-05
2.0583598552053197e-05
2.2596891967841647e-05
2.0153570794957803e-05
2.312292724594524e-05
2.9056046046736368e-05
2.5213171144996853e-05
2.7947609517190933e-05
2.3305270085947786e-05
2.1917797879757178e-05
2.2612519529815015e-05
2.712271500957952e-05
1.992811070331467e-05
1.998977892064528e-05
2.262456713352101e-05
2.2807240277636424e-05
2.341267408077327e-05
2.1635260442977923e-05
2.7613343088895044e-05
2.000707684128526e-05
2.8154391585998923e-05
2.2536592039985913e-05
2.594106421050082e-05
2.14303636294883e-05
2.227578519896461e-05
2.134659405705471e-05
2.8254172018723756e-05
2.2892926704785683e-05
2.095795715291396e-05
2.369140056650513e-05
2.4648936486369793e-05
2.4126032868611156e-05
2.0985406550385323e-05
2.02279388426727e-05
2.2186559024225694e-05
2.0893078024779957e-05
2.871464572101547e-05
2.1837070683067527e-05
2.0182832022131084e-05
2.4103679711368956e-05
2.2837517309825525e-05
2.28259993443292e-05
2.153412967700234e-05
2.5404142458327398e-05
2.744375165803036e-05
2.299379604207019e-05
2.1885253079470325e-05
2.0672991772292734e-05
2.4146937151986756e-05
2.3569100464610786e-05
2.058549305597565e-05
2.0924182540248398e-05
1.9535178615523632e-05
2.7023607701821067e-05
1.969061287907183e-05
2.2896966329051336e-05
2.1245662625175918e-05
2.2510504047411546e-05
2.176907766554418e-05
2.2759275156733065e-05
2.039769071606826e-05
2.1864436798637644e-05
2.6515650020950114e-05
2.1293180344856454e-05
2.275064706876357e-05
2.420743846671439e-05
2.3975502988632448e-05
2.468605439530626e-05
2.3282291869801804e-05
2.3749486824668444e-05
2.066754125420532e-05
2.0896155801631055e-05
2.1723443215103563e-05
2.1261508781760522e-05
2.1600984249166063e-05
2.3325167627643148e-05
2.2917700165396443e-05
2.2856697002735855e-05
1.981723171594963e-05
2.119629574789378e-05
2.5109958309257872e-05
2.0920332490134356e-05
2.3429053299329633e-05
2.0771330512158472e-05
2.165310570608652e-05
2.3740255383853963e-05
2.4256922144676858e-05
2.079543610942858e-05
2.5610486152194436e-05
2.081694615413981e-05
2.2657545543642694e-05
2.9862402520399854e-05
2.6648676020990082e-05
1.9407647701764183e-05
1.9112890443081475e-05
2.3872728683459964e-05
2.1014479700376568e-05
1.893668872065872e-05
2.2767503005432002e-05
2.412077400709342e-05
2.3547855398335304e-05
2.5262295905977547e-05
1.9727559207134516e-05
2.011991233082741e-05
2.3350294024768137e-05
2.242951503667232e-05
1.9777361606222525e-05
2.318643806978289e-05
2.1198466094397496e-05
2.127784520329075e-05
2.1105735513890155e-05
2.1599196823032462e-05
2.1461126124463206e-05
1.866096364409756e-05
2.0580589665445378e-05
2.3706810741817952e-05
2.7461766263969123e-05
2.3706136127292743e-05
2.428881783820715e-05
2.25543698727671e-05
2.1136716892495178e-05
2.052656661993459e-05
1.867664940261573e-05
2.005627723628305e-05
2.0722689057438114e-05
2.352161344021722e-05
2.0668462320315148e-05
2.1371517133104543e-05
2.4641259581759337e-05
2.1357856818881947e-05
1.9498584179060772e-05
2.095595042073804e-05
2.2700278985624315e-05
2.3670883449853924e-05
2.1165324603521327e-05
2.2572530381363964e-05
2.0251941319489356e-05
2.1674207544981204e-05
2.5960126769247496e-05
2.3394872859695204e-05
2.142036373935295e-05
2.2760838289396018e-05
2.084910850834394e-05
2.2024088677615772e-05
2.5420935833524894e-05
2.2512553302416204e-05
2.2034347454558217e-05
2.0122419095304875e-05
2.38819746789687e-05
1.9637845427905802e-05
2.185043041024648e-05
2.0243603569509455e-05
1.804742672984514e-05
2.0759732429147076e-05
1.9853980970191364e-05
2.0536695894187565e-05
2.028047891750005e-05
1.959495538215686e-05
1.9655617769328308e-05
2.1493646076537307e-05
2.361031161452011e-05
2.1337017957523092e-05
2.0225203241940686e-05
1.9629758664883674e-05
2.096380993340408e-05
2.3088367539435745e-05
2.0095247526493216e-05
1.8694003882026873e-05
1.815760421651859e-05
2.2727871491904627e-05
2.223270220717715e-05
1.8197308444231323e-05
2.4546832645707864e-05
1.872286593707622e-05
1.958643373465254e-05
2.3013820774304006e-05
2.3766654071721957e-05
2.1477876302454585e-05
2.0880101269846302e-05
2.244811294199239e-05
2.6259104170422634e-05
2.0908184226340746e-05
1.9006301444437663e-05
2.0132608922718116e-05
1.9027151014316475e-05
1.8636428705579123e-05
1.94887300952439e-05
2.4619558932803567e-05
2.219599231878872e-05
2.196209540297653e-05
2.038812781506539e-05
1.792602040030352e-05
1.9146794917857422e-05
2.4678531471061005e-05
1.9159611656377776e-05
1.9574288005332164e-05
2.586024440919843e-05
2.2829444427120273e-05
1.9531618421701055e-05
1.7380306582706528e-05
1.914764177651769e-05
2.035441493386783e-05
2.3176106230350284e-05
1.989817558786874e-05
2.483160507287983e-05
1.79393425994928e-05
2.1293263671222145e-05
2.220706393538737e-05
2.325761125835822e-05
1.9276051900524866e-05
2.1893474436360622e-05
2.111943441583831e-05
2.0234997535903557e-05
2.029138469654877e-05
1.998849066716733e-05
2.0649429782478058e-05
2.0860856947868454e-05
2.183406081824197e-05
2.0464421588152283e-05
2.1184025088310795e-05
2.0967918114429695e-05
1.79658498028333e-05
2.5439513062879096e-05
2.1438995808186524e-05
2.0771845143618715e-05
2.0122882407387456e-05
2.2519283410825972e-05
2.3116375395486408e-05
1.9588618569153845e-05
1.8708649268924612e-05
2.118377725832846e-05
1.823134954712369e-05
1.908524877394898e-05
1.9816078871521298e-05
2.0927854043392628e-05
2.2592396760895707e-05
2.2018623434387073e-05
2.3449402881371343e-05
2.0566677675066148e-05
2.0730833061019527e-05
1.968684390245838e-05
1.903338592222748e-05
2.0885518521119807e-05
1.78137772438353e-05
2.1412288092441505e-05
2.3964971340815666e-05
1.842061454487493e-05
2.2007979973318285e-05
1.8773447242039882e-05
2.0459598278083384e-05
2.105878600532336e-05
2.1069879350213025e-05
1.9123748826739606e-05
2.2923085543075245e-05
1.99680416700424e-05
2.035835089669598e-05
1.6467326976528684e-05
2.0426742886253273e-05
1.840305239428398e-05
2.0795850955268578e-05
2.04403309605779e-05
2.3953083816514265e-05
1.9581231706103365e-05
1.9896896190225634e-05
1.8848884615138174e-05
1.8465466421123367e-05
1.9894015768803624e-05
1.969807539096089e-05
1.9935487302489618e-05
2.095997344494507e-05
2.1163046104671395e-05
1.939074184634804e-05
1.8218040049943553e-05
2.0820667464870647e-05
2.508520726613699e-05
2.0573137491539256e-05
2.0234350481922103e-05
2.1350516243316356e-05
2.02571136309693e-05
2.060297030912393e-05
2.046270151082795e-05
2.1238004336345487e-05
2.0009046749491855e-05
2.2952493962375472e-05
1.8774041976193717e-05
2.224770536980264e-05
1.7898773345689577e-05
2.0026611026965313e-05
1.9313540894878938e-05
1.92347194960802e-05
1.9502886640058188e-05
1.9660139002794733e-05
2.0660626825858927e-05
2.013267415205561e-05
1.833476924627177e-05
2.3289351511607443e-05
2.405420726067828e-05
1.7703238950441254e-05
1.9485215699797342e-05
2.196143834449546e-05
1.929629119592711e-05
2.0786850292322643e-05
1.7542157628558002e-05
2.181859595907532e-05
1.785690998392344e-05
2.0978467029271743e-05
2.0105010309987667e-05
2.5675313293984143e-05
2.103789673610792e-05
2.175452097779896e-05
2.087073823651354e-05
1.9149826603608254e-05
2.4949144737427302e-05
1.8364793008995038e-05
1.826958176463812e-05
1.880295526910258e-05
1.8850689604726652e-05
1.8602161160101373e-05
1.885900597472034e-05
2.041216310664079e-05
2.447909085228598e-05
1.7318919536279564e-05
2.0242121643740423e-05
1.7219688328351425e-05
2.4752822765736996e-05
1.9915756228257124e-05
2.0902208790685337e-05
1.922994938030629e-05
2.4017741911903424e-05
1.7960066801875315e-05
1.8013345431096533e-05
1.807314851326912e-05
1.9536008863009167e-05
1.7284769606663597e-05
1.8886309287970457e-05
1.787700933490291e-05
2.1724599134989187e-05
2.163757779634007e-05
2.3363519662009272e-05
2.0785738881344203e-05
1.806334089479491e-05
1.7495968069192772e-05
2.0443491945222843e-05
1.9078412373288846e-05
2.1321749045744845e-05
2.333452939373929e-05
2.450662176790236e-05
1.7275868388443845e-05
1.8438277622340148e-05
1.6914393441384382e-05
2.723405421874837e-05
1.8997662610894506e-05
1.8746953289103322e-05
2.1959434702598307e-05
1.7786016291424416e-05
1.976557168878368e-05
2.281762718628136e-05
2.0717212653634287e-05
2.698595636778656e-05
2.016059118207124e-05
1.968621805060537e-05
1.7466230953910353e-05
1.794977635142816e-05
2.0527375020557257e-05
1.684307048915517e-05
1.7857482144961846e-05
1.7984945183749457e-05
2.270524565646734e-05
1.9155649177920274e-05
1.9083918138446357e-05
1.6971809783431934e-05
1.8986024035597254e-05
1.984705896806822e-05
1.950207288147017e-05
2.145103219203147e-05
2.2017781774361236e-05
2.2472679828212934e-05
2.068954332761841e-05
2.0861124979529275e-05
1.6225006783380987e-05
1.7606625430953728e-05
1.853938982441089e-05
1.7541367747375737e-05
2.3325561493676916e-05
2.0908588178392276e-05
1.625538543905396e-05
2.0619839874144058e-05
1.850551016449936e-05
1.8075300132831703e-05
2.1478153249236174e-05
1.9624276391773405e-05
2.3743998230196565e-05
1.9334009271090163e-05
1.719046179826496e-05
2.09996447912024e-05
1.9794168891379862e-05
1.922852394661176e-05
1.623582036540769e-05
1.8640325717555437e-05
1.9468553598456285e-05
2.058047466557498e-05
2.2367972564785767e-05
2.0670776672327407e-05
2.1117632842601176e-05
2.0261187233479946e-05
1.657621248953248e-05
1.9988053025889688e-05
1.6994367684611457e-05
1.4677107349492018e-05
1.2554540768571876e-05
1.1659409897434537e-05
1.1370038572236164e-05
1.2211482378602781e-05
1.1109223853597757e-05
1.1290080488128654e-05
1.1098753129478262e-05
1.1109635620275097e-05
1.0671352057462396e-05
1.0996407446712284e-05
1.1176972761330477e-05
1.0951492660688113e-05
1.1327781303677188e-05
1.1336965300931268e-05
1.0784030239216879e-05
1.1036051028630491e-05
1.2010960636545561e-05
1.075491346590194e-05
1.1325458247750263e-05
1.0931682765820126e-05
1.1622573744850214e-05
1.070362107074854e-05
1.0924283938129179e-05
1.0541256764423804e-05
1.1182098963183304e-05
1.065187157741843e-05
1.0588135359615175e-05
1.0834793025803574e-05
1.0278491390682507e-05
1.0861460393772181e-05
1.0642345589313776e-05
1.0809139124762171e-05
1.0141493081837823e-05
1.1350982383020909e-05
1.0204089998340927e-05
9.54731372567742e-06
1.0674941801612542e-05
1.0244231100319664e-05
1.0007463589727307e-05
1.0739847645465894e-05
1.044887078705305e-05
1.0372657539071956e-05
1.0503934541372957e-05
1.0989328021935e-05
9.686890512734967e-06
1.004724465570246e-05
1.0682030197091149e-05
9.839497337950047e-06
1.0437416413120579e-05
1.1178413668651085e-05
1.1285082914497926e-05
9.772952401344068e-06
1.0020365181225885e-05
9.839613460547626e-06
1.1080324989400561e-05
1.0260824274363739e-05
1.0151827522440327e-05
1.0419926976714989e-05
1.0334376143883859e-05
1.0526454292060612e-05
9.80481938566583e-06
9.49321962598714e-06
1.0699489964597324e-05
1.1545459758420366e-05
1.029659711167518e-05
1.0363445443995436e-05
9.721633623954644e-06
1.0089627725286049e-05
1.011236734893767e-05
1.0332381609786728e-05
9.575909516527548e-06
9.49286669688365e-06
9.411587259225944e-06
1.0044123607537836e-05
1.0196291661337355e-05
9.832555634373401e-06
9.472456565387043e-06
9.285795027454745e-06
1.0424161440463346e-05
9.735396921531991e-06
1.0142296024450145e-05
8.943259409644282e-06
9.399173920656955e-06
1.0726362595255088e-05
8.928826896266145e-06
9.076095450174134e-06
1.001689681018293e-05
9.272125560967684e-06
1.0073666720751224e-05
1.0142760096133624e-05
9.62011270843163e-06
9.26777095429505e-06
8.798768104829672e-06
9.792664211356745e-06
9.700277948672484e-06
9.489321517221238e-06
9.59141873638657e-06
1.0271046312560373e-05
1.0207723688181981e-05
9.533956592257629e-06
1.0061570843481899e-05
9.983788148886984e-06
9.176191176557047e-06
9.830467291418206e-06
9.720755847685195e-06
1.032943672233349e-05
1.0567829456477712e-05
9.2546704992817e-06
1.0221613516741876e-05
9.635571890971093e-06
9.340541061099072e-06
9.427378109454524e-06
1.0115458876417686e-05
9.218750329039248e-06
9.47706608670989e-06
9.285740851236639e-06
1.1326494250739194e-05
1.0646719067436983e-05
1.0054257658013034e-05
9.891435430919398e-06
9.774291162723597e-06
1.0042042182508857e-05
9.998147332988306e-06
9.432364956038442e-06
8.877857879888665e-06
9.128251133599391e-06
9.216300164092017e-06
9.42618073759216e-06
9.893825076054692e-06
9.961744419701795e-06
1.1046346333112646e-05
9.32921111720423e-06
9.783348558593092e-06
9.542231788177339e-06
1.0220718747644562e-05
8.775955889269912e-06
9.70404163031188e-06
9.517722101757006e-06
9.424246875227145e-06
9.379825789026797e-06
9.437933178916522e-06
9.748630843980958e-06
9.481217361191257e-06
9.47943339216808e-06
9.722066222223407e-06
8.751006119732957e-06
9.433894606976012e-06
9.888785220444292e-06
9.363369921181896e-06
9.162972942645627e-06
1.0258460996642987e-05
9.302057556491882e-06
9.660488112086002e-06
9.120362248463553e-06
1.0516265498445664e-05
1.0054079833590418e-05
9.077373965939124e-06
9.550906315551903e-06
9.009447985973943e-06
8.58624119667168e-06
1.0084911685685254e-05
9.972118570757034e-06
8.916060780513849e-06
8.770553055591965e-06
9.432277579703093e-06
9.21911226589776e-06
9.709567259959186e-06
1.003795198735033e-05
9.921004893020478e-06
1.021852767329979e-05
8.802768244670174e-06
1.0423102682795845e-05
8.94040283227969e-06
9.65869514271854e-06
9.16212215258755e-06
8.975086594584425e-06
9.826862666501222e-06
9.910317086080798e-06
9.534062632542818e-06
1.0454601101351759e-05
9.426640225732668e-06
9.562901706886012e-06
9.68795045241557e-06
9.014857381862564e-06
9.696608650223539e-06
9.465310870063227e-06
9.024006300376694e-06
9.21151930644982e-06
1.088472255243874e-05
9.337533597353422e-06
9.049016411867814e-06
8.620324125783185e-06
9.221037950510681e-06
1.091253137082223e-05
9.144045655849866e-06
9.404967426339535e-06
9.161781999600607e-06
9.194467192660032e-06
1.16420959658898e-05
9.117725544062929e-06
9.490161272686776e-06
8.550328522393201e-06
9.867912328965262e-06
9.302587857962819e-06
9.987217758051983e-06
8.727577163825577e-06
8.784632521294765e-06
9.184586708080286e-06
8.736329926387138e-06
8.702634923600926e-06
9.289942459467185e-06
9.354367457426033e-06
9.156982148230621e-06
1.0619809053298988e-05
9.725954778544859e-06
9.601190649913262e-06
1.1391003008592048e-05
9.599430317446771e-06
8.92831627031112e-06
9.221928502896677e-06
8.984432042230084e-06
8.928127670671879e-06
8.964350743814368e-06
8.734532414235778e-06
9.86465952895144e-06
9.220732227823901e-06
9.405849945482875e-06
9.355863048600467e-06
9.651731718261617e-06
1.027667169818496e-05
9.40977068294476e-06
9.093139382506458e-06
8.624395490250213e-06
9.313233327342272e-06
9.12190547587764e-06
9.044346633814315e-06
9.57236345128165e-06
8.7283701871618e-06
8.886590770549692e-06
8.800613479248269e-06
8.049175287069533e-06
8.552051426915019e-06
9.207708347991684e-06
8.715429274274361e-06
9.790076117708144e-06
8.771561620314354e-06
9.072890001086455e-06
9.037379233495139e-06
1.036667076868902e-05
1.0269225286129544e-05
8.537917210661727e-06
9.365775399364175e-06
8.334097118474468e-06
9.373101964924935e-06
9.216017070101219e-06
9.803419285587547e-06
8.708403610713717e-06
9.504796662495642e-06
9.332867254178126e-06
8.568397174862111e-06
9.545501043740346e-06
8.408744421416608e-06
8.948059316594821e-06
9.93925537171185e-06
1.0436588618590136e-05
8.907380606155057e-06
9.315836883500836e-06
1.0129789036354011e-05
8.612557677195796e-06
9.004776258895705e-06
9.078769167517967e-06
9.525073974996424e-06
9.153133509862637e-06
1.0626220562860434e-05
9.706204643887912e-06
8.617263964262151e-06
8.501454540869547e-06
9.791910246328099e-06
8.825608621043668e-06
9.815166935868202e-06
9.875664526698755e-06
8.84945949263744e-06
8.464467368510838e-06
9.031594550299073e-06
8.79739423136186e-06
9.8179378598946e-06
9.404086081798555e-06
8.29204626868016e-06
8.119503658643595e-06
8.279100183095885e-06
8.405073077603297e-06
9.689655876853337e-06
8.906861376330361e-06
9.42906036977031e-06
9.83385037224925e-06
8.8909052925272e-06
8.063744662002414e-06
9.744654222125292e-06
9.100964105451426e-06
8.405113581005261e-06
8.30559178312235e-06
9.787789281775198e-06
9.309091382983139e-06
8.52901101242439e-06
8.363540572050201e-06
8.723070914876357e-06
9.125882383046812e-06
9.623227283314466e-06
8.467150886558924e-06
8.616486244104971e-06
8.710446822259534e-06
9.141004098992748e-06
8.01201539999375e-06
9.747228198313326e-06
8.678721075534756e-06
1.0331883741421398e-05
9.728640560574156e-06
9.827737515528191e-06
9.376357114143483e-06
8.623077645685622e-06
8.901692959194526e-06
8.290230263025991e-06
8.752353110739762e-06
9.271863339327381e-06
8.293324551006826e-06
8.706142504871635e-06
8.845963316496294e-06
7.894860934619082e-06
8.968307282563397e-06
9.705910971065112e-06
1.072438548380877e-05
9.333805405750072e-06
9.13035738831427e-06
9.099454656192339e-06
8.004421340050853e-06
8.747591554371085e-06
9.848920072207924e-06
8.060189811323706e-06
8.597530859486772e-06
8.730198020357737e-06
8.327053776592466e-06
9.242648840578044e-06
8.350831937706253e-06
9.646472356518903e-06
8.962761851417591e-06
8.993388789128072e-06
8.44917976684516e-06
8.186264544226468e-06
8.00927187347482e-06
9.466021693466309e-06
8.919223825344637e-06
8.397931595285432e-06
9.490427644341734e-06
8.798716622415722e-06
8.319322517906133e-06
8.968539286909489e-06
1.0144747204668818e-05
9.27693157807373e-06
8.46619473429841e-06
8.15429661079821e-06
8.232097676618716e-06
8.453137546893214e-06
8.254099112708122e-06
8.06342736744441e-06
9.234062400969913e-06
9.613240802913973e-06
9.017595713452436e-06
8.722854817684653e-06
9.208890761274438e-06
8.407149137256187e-06
8.891379691077505e-06
9.061775194692429e-06
8.644899919713758e-06
8.653156018155311e-06
9.513086112974619e-06
8.43414994037551e-06
1.0177954539973938e-05
9.754880888329341e-06
9.14678743713942e-06
8.859535813444484e-06
8.764496520498373e-06
8.520356145744257e-06
8.94966544266853e-06
9.333438681553225e-06
8.542564723145524e-06
8.690004079799547e-06
8.371648978139833e-06
8.57070211523399e-06
8.339758538824525e-06
8.779157332852374e-06
7.749148224910807e-06
8.04001899486865e-06
8.339919929930181e-06
8.0634397026219e-06
9.178497910328118e-06
9.03506457023178e-06
8.443340866671916e-06
8.326494762207632e-06
9.42377217283648e-06
9.422762218600254e-06
9.33930231136737e-06
8.907106256837997e-06
9.375554127066719e-06
9.065903529226713e-06
7.890839944660305e-06
8.637404255877268e-06
8.15162717686236e-06
7.960158334207863e-06
9.335369483282431e-06
8.699254747780141e-06
8.381295942877063e-06
8.61651303022635e-06
8.733989080977749e-06
8.279413157192203e-06
8.272370975091082e-06
8.707742417039471e-06
8.87912866995673e-06
8.5105935993935e-06
8.385378897742165e-06
8.773180322414617e-06
8.781472322188313e-06
8.656500974432079e-06
9.749573938516788e-06
7.5787874294988094e-06
9.22992208697368e-06
8.717487803820701e-06
8.195474723626578e-06
8.532323391086112e-06
8.285185412576524e-06
7.730626283385782e-06
7.834566531470357e-06
9.591529953073966e-06
7.915444822041797e-06
9.149667836329208e-06
9.203757089395231e-06
8.668987512589924e-06
8.492596479096844e-06
8.562088874682999e-06
8.437697361786912e-06
7.635651808481069e-06
8.517388025619689e-06
8.492314656048034e-06
8.183879604911363e-06
8.270145996608724e-06
9.564374028335412e-06
7.765919297484903e-06
8.733910767977977e-06
8.201023056077274e-06
8.826088592470797e-06
8.893825016811218e-06
9.293218784876587e-06
8.46559324896002e-06
8.762474900144874e-06
8.535791936281467e-06
8.583213190353486e-06
8.214347508131654e-06
8.033669179721503e-06
9.034849232640973e-06
8.456938975139124e-06
1.105025731062935e-05
8.0768305882591e-06
7.818194757002784e-06
8.494626492113909e-06
8.788833206888124e-06
7.73578336949946e-06
8.528401949603884e-06
9.625777993482835e-06
8.369172071535666e-06
8.526442505362814e-06
9.357080977856856e-06
9.132043757885638e-06
8.415412442642835e-06
8.843756375756207e-06
8.92022689500298e-06
9.583692605932633e-06
9.438284373906742e-06
8.262317777646946e-06
8.40840984130649e-06
8.876407423828979e-06
8.822753485068096e-06
8.426098800782755e-06
7.799659031500509e-06
8.894043552136532e-06
8.55601613230003e-06
8.708926820106038e-06
8.750038043591048e-06
8.018932207187833e-06
8.43114212461969e-06
8.130593905843748e-06
9.313904514400022e-06
8.212264111845712e-06
1.0344129893685693e-05
9.604147650221776e-06
8.907050713338278e-06
9.406224517653866e-06
8.037151583001511e-06
8.287312821250034e-06
7.75256539144258e-06
7.746957013467337e-06
8.745643281821252e-06
9.735534635321888e-06
9.484367381645694e-06
9.692422085796119e-06
9.317179109401527e-06
7.885584673646322e-06
8.588549382947881e-06
8.327997775238632e-06
8.666377542435494e-06
8.000114213992322e-06
8.937840161176225e-06
8.542542368646938e-06
8.720065470557482e-06
8.156672657224767e-06
8.994381363325243e-06
8.545791537397938e-06
8.848567784175933e-06
8.885592925463372e-06
7.874750182215423e-06
8.517317860729049e-06
7.767096515838596e-06
8.885602125897648e-06
8.361688461268528e-06
9.005976361615927e-06
8.04037894935409e-06
8.03633742793888e-06
9.413808421176967e-06
8.85959729294731e-06
7.930768184235547e-06
8.180950042869388e-06
9.002931114210061e-06
8.926985805255532e-06
8.091576883504263e-06
7.760970234561201e-06
9.11379224539597e-06
9.098704409502716e-06
9.710439618977362e-06
8.191413815714336e-06
9.126461202635516e-06
7.931114725280761e-06
8.404051117967531e-06
7.87326689101746e-06
8.791544404051815e-06
7.94804940477191e-06
8.756255415837447e-06
9.586477232418134e-06
8.660744182854176e-06
7.8119614646332e-06
8.967781186687668e-06
9.456933620836695e-06
8.004624349874911e-06
8.609976523705631e-06
7.659583590539144e-06
8.843784088220143e-06
8.358130827856778e-06
8.142717499282379e-06
8.058072940723124e-06
8.187193999294488e-06
8.838427490151902e-06
8.590712200139291e-06
7.44825294263245e-06
8.881228918266467e-06
8.074871729466526e-06
8.884561035435394e-06
7.687276793960774e-06
8.725043902245612e-06
9.667751871621394e-06
9.058551492951006e-06
7.884690071290667e-06
8.222286978981845e-06
8.515597609252314e-06
8.792711677191816e-06
8.020613463348287e-06
9.36102802344736e-06
9.540877353081745e-06
9.162683493944888e-06
7.6106738633089e-06
7.654140227521641e-06
6.869953095094076e-06
7.46295427506258e-06
6.8368081730450785e-06
7.75729986155489e-06
6.46173895813465e-06
7.19240476885448e-06
6.571424088180985e-06
6.8409195814481615e-06
7.4461004152541625e-06
7.1227541372854185e-06
7.395981662772186e-06
6.930528902584775e-06
7.385789890039575e-06
7.226708971559897e-06
7.474044955791051e-06
6.819483029050032e-06
6.883864110960937e-06
7.04134204922623e-06
7.49649110856255e-06
6.77804465101684e-06
7.180381313046264e-06
7.727026853397858e-06
6.579574500200208e-06
6.948221137608321e-06
6.645684969178145e-06
6.1464733478540095e-06
7.773211997814462e-06
7.271607613285985e-06
6.7457698314155495e-06
6.5612634664958815e-06
6.574091406350434e-06
7.188696315758335e-06
6.7735025451999225e-06
6.511093420573838e-06
6.898056071703864e-06
6.671855446999162e-06
6.681877637905228e-06
7.571356298390213e-06
7.048642977330381e-06
6.5097443360328535e-06
7.115914210965514e-06
6.607963399850963e-06
6.600054046249986e-06
6.874010216117946e-06
6.68534183484862e-06
6.6629150370785085e-06
7.351695707718688e-06
6.865890303001071e-06
6.959331738407138e-06
6.880127111692555e-06
6.7581784604589785e-06
6.99503928709516e-06
7.75203295938376e-06
6.592730394962911e-06
7.5918025201928445e-06
7.859383648753146e-06
6.732112542627744e-06
6.987552247507877e-06
6.944706469817051e-06
7.242059873917867e-06
6.985996931323421e-06
6.801772181951831e-06
6.519465080249382e-06
6.747243234833057e-06
6.756593899639998e-06
6.994906686716177e-06
6.837639024505959e-06
6.833427404365056e-06
6.9184482692085685e-06
7.116878785532556e-06
6.677412805731732e-06
6.538557331980383e-06
6.914777058788587e-06
7.139503564939327e-06
7.162803859276274e-06
6.818430811360984e-06
6.5380467504898e-06
6.904056214767953e-06
7.015944800653676e-06
7.388316276305084e-06
6.453090877840089e-06
6.830532939589883e-06
7.2645647493967416e-06
7.325893162045213e-06
6.318402437509687e-06
6.885338607462662e-06
6.428433843667265e-06
6.630980492741376e-06
7.154749069893844e-06
6.966370644960978e-06
6.505364669941366e-06
7.137210594765969e-06
6.864834192820599e-06
6.862620545360399e-06
7.003958939531795e-06
6.798754621072309e-06
6.318539888218299e-06
6.399200262261254e-06
7.458287761440253e-06
7.599281809998295e-06
6.500338042502679e-06
7.193348517388155e-06
6.354055235647217e-06
6.406145982459226e-06
6.592161420542903e-06
6.943662038963537e-06
6.586196850885688e-06
6.576118473598168e-06
6.29288283020146e-06
6.9678156837693895e-06
6.908248059347949e-06
6.686388950242865e-06
6.7491571808330965e-06
6.519112612464488e-06
7.1412001279841935e-06
6.693623014941249e-06
6.838636751020432e-06
7.096222113522449e-06
6.794309484794261e-06
6.458010090301233e-06
7.109983432432094e-06
6.872823467552026e-06
6.858184276033306e-06
6.205680361939481e-06
7.3760933863550795e-06
6.749460528377562e-06
6.895134613306579e-06
6.377055856314282e-06
6.925056311606913e-06
6.440494912688667e-06
6.879561292395296e-06
6.471286617097082e-06
7.043594421510684e-06
7.885456186228292e-06
6.8492446942629e-06
6.8635609646189245e-06
6.729845304397935e-06
6.6467849972592464e-06
7.0619079359603784e-06
6.5266590917482855e-06
6.57282126101679e-06
7.258212518348206e-06
6.996543756336661e-06
6.146109280407617e-06
6.152964837831828e-06
6.144260063520092e-06
7.158726836708909e-06
6.983741776305926e-06
7.428889522644729e-06
7.471726477849042e-06
6.9013584014015265e-06
6.79649436376001e-06
6.688614958818146e-06
7.1407854155375225e-06
6.712768314605121e-06
6.272241453959655e-06
6.608383120105498e-06
6.351363995607576e-06
6.894393535555585e-06
6.53753070357813e-06
7.411859007458002e-06
6.645075376489697e-06
7.166625137190496e-06
7.787695358135554e-06
6.940008525391764e-06
6.786086223343668e-06
6.530601212901756e-06
6.441062660631129e-06
6.8943670421584546e-06
6.57106242551987e-06
7.800229610345826e-06
6.442550231531704e-06
6.843521397935403e-06
6.814997044770589e-06
6.8250952235566085e-06
6.703837664629649e-06
7.680122246507485e-06
6.993248196350404e-06
6.632445144074405e-06
6.642752053776115e-06
7.064387102840384e-06
7.0161182471813695e-06
7.384868082855706e-06
6.790508990301649e-06
6.912084418118998e-06
6.901804883692534e-06
6.1723108388741066e-06
6.77537114117374e-06
6.813620427476125e-06
6.82357185507426e-06
6.559539439246885e-06
7.25852883839384e-06
7.019131752533177e-06
6.634490741878649e-06
6.402430581793903e-06
6.88213537789175e-06
7.0308092490393045e-06
7.065610690197112e-06
6.908412140552389e-06
6.880117310988301e-06
6.445211789703134e-06
6.338526532951536e-06
7.491296231377915e-06
6.985700838893863e-06
7.500798434711074e-06
6.74264574114197e-06
7.045036410799398e-06
6.41194882938015e-06
6.821405662290571e-06
7.889909996778044e-06
6.816199896875521e-06
6.8200056752260785e-06
6.652202674650328e-06
6.365000217512949e-06
6.969544911505502e-06
6.812290531194867e-06
6.98074298312661e-06
6.493343848651383e-06
6.849879622420283e-06
7.140517302358556e-06
6.703316800736682e-06
6.538674245674505e-06
6.470596443722282e-06
6.5984387567957025e-06
6.93418748139765e-06
6.265009957082839e-06
6.706296301905906e-06
7.339844299660904e-06
6.561877175850654e-06
6.419288923247612e-06
6.609075399983272e-06
6.2334300870785715e-06
6.7112092245010876e-06
7.101466750123877e-06
6.8164237975769255e-06
6.610204426291779e-06
6.52372593179182e-06
7.418266911694214e-06
6.786013535095903e-06
6.756180447019204e-06
7.507342789205938e-06
6.7838910026896124e-06
6.90313126172476e-06
6.910175161264983e-06
6.751862212260728e-06
6.5619732153415965e-06
6.922191708410408e-06
6.919281606972872e-06
6.6659935031284695e-06
6.835535617368101e-06
6.906056740448743e-06
6.653376706385625e-06
7.105580137194662e-06
6.666106022253501e-06
6.6555257321890465e-06
6.735294790539739e-06
7.250555330012733e-06
6.943761943155627e-06
6.952157752581632e-06
6.529549254588624e-06
6.477018747027202e-06
6.795718546310443e-06
6.8934433785841e-06
6.743811721107761e-06
6.285594774553482e-06
6.325513269005024e-06
7.081566299712886e-06
6.961656780412506e-06
7.074528982762874e-06
6.487136542043209e-06
6.809923062700387e-06
6.586118324827129e-06
6.895142125944716e-06
7.123820952280481e-06
7.012323036546703e-06
6.858455916724729e-06
6.5890129915449795e-06
6.884647229842539e-06
6.776965843591035e-06
6.972797494755167e-06
6.5525014997946744e-06
6.566845199153812e-06
7.475437713678229e-06
7.233479385134322e-06
7.3221659227220115e-06
7.065042060376536e-06
5.898111366986227e-06
6.720620777804301e-06
6.4945289631490324e-06
6.423770162800478e-06
6.658508414418611e-06
6.630452184759621e-06
6.273096286576651e-06
6.69789496036215e-06
6.5282187376578525e-06
6.878331289190017e-06
6.9823699037380385e-06
6.798255014888341e-06
6.219838362964267e-06
6.566747573764412e-06
7.157203447847024e-06
6.5591603835779185e-06
6.675871534753126e-06
6.8193299083307254e-06
6.587645524662294e-06
6.423718204246454e-06
6.3740850664704645e-06
7.011354539845274e-06
6.673868037365413e-06
6.440925684209907e-06
6.35711025596706e-06
6.7964061203680265e-06
7.161789084353382e-06
7.00065755099817e-06
6.889379565661598e-06
6.879485825119859e-06
7.071840366125353e-06
6.865955385976443e-06
6.875403728047966e-06
6.447472665812261e-06
6.56477127935223e-06
6.50364641751187e-06
6.572887461161286e-06
7.368434024819968e-06
6.362515965012305e-06
6.740081250701721e-06
6.589087799264515e-06
6.599717165104956e-06
7.4249320631112e-06
6.6277036819284745e-06
6.335269082698077e-06
6.916418111682065e-06
6.799491181976994e-06
7.052850423371721e-06
6.715823825886519e-06
6.518313193659252e-06
7.009803308831495e-06
7.272128130726834e-06
7.084707230894153e-06
6.88842059361434e-06
6.541120166120139e-06
6.462295417666712e-06
6.821341057307959e-06
6.4210367500895845e-06
6.778685628191121e-06
7.249254285596755e-06
6.935772901862524e-06
6.565501213202262e-06
6.627235915990877e-06
6.465478015736194e-06
6.66352450748974e-06
6.6020658844260815e-06
6.767101258754937e-06
6.774417619726088e-06
6.443259070709028e-06
7.079124401446634e-06
6.505683246557469e-06
7.053625533095575e-06
6.853026602618447e-06
6.311585378882145e-06
6.1843591873595146e-06
6.566410585163647e-06
7.158389396052975e-06
7.210746251438656e-06
6.4119500706791765e-06
6.274079725183526e-06
7.4086282506916645e-06
6.459962607352661e-06
6.3864451218155725e-06
6.883745146344393e-06
6.598434792049558e-06
6.326799317787688e-06
6.7663975681895454e-06
6.158750734536644e-06
6.792787096382337e-06
6.874716915443964e-06
6.604946554107895e-06
6.7364402538705786e-06
6.585800783862005e-06
6.695052078045922e-06
7.168055421214659e-06
6.842900716926547e-06
6.583437024443124e-06
6.412681466297763e-06
6.658154651606822e-06
7.064097461460393e-06
6.229958592408514e-06
6.599898203936246e-06
6.7156047162288195e-06
6.3233828738031095e-06
6.510288547463627e-06
6.559735575609169e-06
6.90122558981644e-06
6.9209250201871865e-06
6.577828876200837e-06
7.027243211847876e-06
6.859143815002209e-06
6.878709740883636e-06
6.25601683085995e-06
6.586224615224807e-06
6.267764762748744e-06
6.047107609048997e-06
7.026411185784634e-06
6.514324870244407e-06
6.447739596978125e-06
6.602046597974044e-06
6.9353225585757395e-06
6.419687537713327e-06
6.619028465355047e-06
6.259512977358136e-06
7.024620891694477e-06
6.979670009806228e-06
6.365947917823973e-06
6.653192052965677e-06
6.0071808664433266e-06
7.137622003875081e-06
6.038829548878101e-06
7.299052030739759e-06
6.525227722050645e-06
6.696262287163442e-06
6.709403849554102e-06
7.210311081642956e-06
7.548147445179755e-06
6.7271035156976406e-06
6.683478000275546e-06
6.908592069625297e-06
6.37723897756364e-06
6.812237877883925e-06
6.586338247813593e-06
6.65309570037095e-06
6.362752586249702e-06
7.2249097530855454e-06
6.4843666962795476e-06
7.274685323440419e-06
6.632903635470321e-06
6.970633002736414e-06
6.319611840709182e-06
6.577152001399785e-06
6.554791159219734e-06
6.615194114894661e-06
7.1653870655415455e-06
6.425354210425682e-06
6.171621814164077e-06
6.313041817262063e-06
6.401458557580017e-06
6.418887905849304e-06
6.804467712810197e-06
7.2566221400979665e-06
6.380305554933224e-06
7.241727548525533e-06
6.329859840582319e-06
6.666288017070311e-06
6.6854478677230685e-06
6.072327136949299e-06
6.489954776236679e-06
6.130668548759206e-06
6.262338537068547e-06
6.364926154572829e-06
7.318706111084283e-06
6.688669223965136e-06
6.535890814170903e-06
6.4211689391724725e-06
6.230424950305425e-06
6.392627698782844e-06
6.780153766277535e-06
6.674258179502102e-06
6.204118678076288e-06
6.568720094257018e-06
6.529127853948691e-06
6.048226640121314e-06
6.342017113983638e-06
6.678203164906759e-06
6.114269508324808e-06
6.3302542976226386e-06
6.591274253012611e-06
6.634012267421092e-06
6.444640577239508e-06
6.2956650704285346e-06
6.979108775904627e-06
6.925354734714345e-06
6.51002691868256e-06
6.622697978715465e-06
6.502290428013465e-06
7.474873250546474e-06
6.274701508540024e-06
6.538822792114265e-06
6.646417404153081e-06
6.837265897429358e-06
6.622597574298394e-06
6.981476974357042e-06
6.381306884920245e-06
7.160105445639871e-06
6.816890255518832e-06
6.688973972139548e-06
6.314546632955679e-06
6.439755452331778e-06
6.761503655996319e-06
7.059601276296712e-06
6.638464551358311e-06
6.680630330620984e-06
6.313446508534952e-06
6.655641076658878e-06
6.261145022496589e-06
6.510819841973785e-06
6.0381495912090205e-06
7.351542549945679e-06
7.18345352072591e-06
6.685191793291973e-06
6.4056548282247496e-06
7.705580285384002e-06
6.492931022238157e-06
6.956864074849005e-06
6.4323489749039944e-06
6.235522389221855e-06
6.4293459613079886e-06
7.081553419845973e-06
6.726652462832457e-06
6.848790399198766e-06
6.675342559804731e-06
6.981568458095289e-06
7.027230539481696e-06
6.605550955572654e-06
7.047962741758534e-06
6.406993982373522e-06
6.9115517618852806e-06
6.2568799005149635e-06
6.752832289302559e-06
6.689752433370772e-06
6.560141535971362e-06
6.167151733333654e-06
6.405560333873192e-06
6.483878280313669e-06
6.2624046093777696e-06
7.664123665813177e-06
6.242490817781272e-06
6.662648124439497e-06
7.056948370164765e-06
6.7978719277765675e-06
7.2126043686254686e-06
6.615908832641852e-06
6.5998120818687195e-06
7.014827770481283e-06
6.847497223136469e-06
6.6156463442148925e-06
6.776617905621245e-06
6.450563480008508e-06
6.85099549836985e-06
7.360802086729914e-06
6.183374146180017e-06
6.450619620072834e-06
6.341098358172152e-06
6.8783942249033415e-06
7.307256439266631e-06
6.771262259833153e-06
6.2644569676299945e-06
6.703817155405436e-06
6.5848071036118204e-06
6.595592017189067e-06
6.6910509822199e-06
6.434893171031504e-06
6.7897166598696605e-06
6.229289337701337e-06
6.643365114691097e-06
6.388893495216298e-06
6.674476477683721e-06
6.244423375855966e-06
6.567699542661939e-06
6.117880072950268e-06
6.889730894045147e-06
6.8846218851101784e-06
7.116488454421986e-06
6.1554096022019516e-06
6.419301743828601e-06
6.3202872055718645e-06
7.544705912133362e-06
6.344966475671427e-06
6.351290129052078e-06
6.537422262213034e-06
6.105797399767751e-06
6.387711406153439e-06
6.64212157762106e-06
6.3493711400431585e-06
6.188954946937336e-06
6.611058667902224e-06
6.946063945168916e-06
6.567769866883498e-06
6.175088162074888e-06
6.761849441146007e-06
6.60812943934357e-06
6.557961877872265e-06
6.751027107034826e-06
6.289822790957644e-06
6.161699796089444e-06
6.135245955638287e-06
6.974653066352633e-06
6.365067345852687e-06
6.911395354502581e-06
6.1019208655200034e-06
6.458792664493411e-06
7.188292408171249e-06
6.013290227147576e-06
6.093995756684816e-06
5.941004992122809e-06
6.001855460181666e-06
6.329070365138092e-06
6.520339706954137e-06
6.77427942423806e-06
6.148035995113462e-06
6.940362062175969e-06
6.860175241858907e-06
6.8477338462265515e-06
6.282907858680896e-06
7.079467366809578e-06
6.73841100134353e-06
6.631499592878113e-06
6.3635494502021645e-06
7.0418935824685745e-06
6.338299945856717e-06
6.504779403008465e-06
6.097849030470957e-06
6.2634515672937786e-06
6.228997773234197e-06
6.2125869367536786e-06
6.1931089078121185e-06
6.205791371126145e-06
6.524545830178306e-06
6.092816459618424e-06
6.1918231147e-06
6.2294409003124626e-06
6.881960410309578e-06
6.695735294588118e-06
6.4411466187624435e-06
6.279483120225062e-06
6.480034455221609e-06
7.1211064610426565e-06
7.124434839493024e-06
6.5233857065501595e-06
6.674870662379328e-06
6.411652885165401e-06
6.7445120249647646e-06
6.29566077590444e-06
7.007983253207666e-06
6.2360471400481915e-06
5.944232669726485e-06
6.318146683593117e-06
5.964249105636357e-06
7.250564497098677e-06
6.9027511203823176e-06
6.311697573787282e-06
6.107593996692666e-06
6.366159965046017e-06
6.3534477624305395e-06
6.0867724338547225e-06
6.537672789704897e-06
6.438859419703215e-06
6.30672056866669e-06
6.689821557052378e-06
6.896354584221964e-06
6.107942962902694e-06
6.814662835197494e-06
6.029319571678203e-06
6.336756429423752e-06
6.0853601245815355e-06
7.167540871272562e-06
6.514043271370496e-06
6.48936986501932e-06
6.521056395958289e-06
6.240896385856003e-06
6.821678038497985e-06
6.643881257942392e-06
6.47346872815127e-06
6.443702703570329e-06
6.2972678839012595e-06
7.244065022048016e-06
6.56150269631392e-06
6.2362424464075445e-06
6.416362040188313e-06
7.125813179784644e-06
5.9775130008250995e-06
6.26197458078326e-06
6.071935483021558e-06
5.967671052095724e-06
6.206410438446267e-06
6.863154941265438e-06
6.282707509312662e-06
6.1779155855865244e-06
6.483292122239228e-06
7.840861418209243e-06
6.443723166477414e-06
